321	176	80	1309	973	13	14	FULL	1	6588
283	194	190	756	487	0	0	FULL	1	16317
290	256	74	2640	794	0	0	FULL	1	11612
343	184	167	472	299	0	0	FULL	1	497
351	325	92	2772	577	0	0	FULL	3	9418
312	170	159	5618	2000	18	16	FULL	2	25633
206	140	122	609	639	0	0	FULL	2	22295
326	207	111	4117	1099	0	0	FULL	1	7660
250	176	170	1440	890	0	0	FULL	2	26446
252	190	94	2565	1168	0	0	FULL	2	4373
299	183	192	399	250	22	16	FULL	1	18000
255	217	135	1020	705	20	25	FULL	1	1905
241	146	127	531	407	39	37	FULL	1	15728
352	239	142	7104	1192	0	0	FULL	5	32670
316	222	93	968	431	17	18	FULL	2	30590
233	153	127	436	953	0	0	FULL	1	12917
294	192	203	8728	1240	20	26	FULL	1	574
238	200	158	1027	250	3	1	ALL_EDGES	1	9016
338	186	88	2662	1027	0	0	FULL	1	18917
237	164	245	1121	265	0	0	FULL	2	11543
209	154	141	3375	2000	36	37	FULL	2	21941
279	238	181	8844	2000	0	0	ALL_EDGES	6	20891
310	208	179	8038	2000	0	0	FULL	1	15024
276	151	181	1552	525	0	0	FULL	2	27675
206	156	171	4537	2600	27	29	FULL	4	18800
268	192	185	532	432	0	0	FULL	6	11015
243	230	171	1235	419	0	7	FULL	5	17124
258	233	125	4837	2000	14	14	FULL	1	20574
315	210	113	4207	844	13	9	FULL	2	9901
338	200	170	3519	1251	0	0	FULL	5	25038
266	219	129	4837	2000	0	0	FULL	1	24197
262	259	125	5448	2000	13	15	FULL	1	30936
360	236	112	4997	1129	11	12	FULL	3	28034
266	231	155	6669	2000	0	0	FULL	4	8076
275	124	219	547	486	0	0	ALL_EDGES	5	28920
245	179	79	1872	846	0	0	FULL	1	356
335	152	226	8625	2000	7	7	FULL	2	17178
175	145	298	8617	1366	0	0	FULL	1	20943
202	139	125	2527	2000	0	0	FULL	2	9959
314	246	110	1164	250	0	0	FULL	2	16733
305	233	149	6783	2000	11	19	FULL	2	18007
242	192	204	7894	2000	20	25	FULL	2	25766
255	193	92	801	636	0	0	FULL	1	17128
406	268	78	3723	963	0	0	FULL	1	381
326	144	181	5831	2000	0	0	FULL	1	13332
357	268	120	6279	1152	0	0	FULL	1	1780
252	207	181	7343	2000	0	0	FULL	2	1836
261	184	115	3393	2000	0	0	FULL	2	8082
295	246	118	5015	1166	0	0	FULL	3	21435
304	220	127	5117	2000	0	0	FULL	3	4376
247	180	258	10557	2000	0	0	FULL	3	32451
245	187	120	3569	2000	18	22	CORNERS	1	25280
242	141	161	781	440	4	7	FULL	8	6907
231	151	270	9186	2000	21	22	FULL	1	10289
273	186	207	8326	2000	0	0	FULL	1	17824
286	215	123	2647	250	0	0	ALL_EDGES	1	20672
340	176	200	1020	373	0	0	FULL	3	27225
305	215	160	808	354	19	19	FULL	3	5378
287	215	170	1491	250	20	26	FULL	1	23953
212	188	138	148	316	0	0	FULL	2	16180
294	183	84	2272	1095	0	0	FULL	1	19239
271	182	151	675	532	0	0	FULL	3	14975
285	156	190	6349	2000	0	0	FULL	2	27734
294	206	189	736	250	30	32	FULL	2	14386
251	224	133	5032	2000	0	0	FULL	4	13598
291	238	108	4282	1170	17	21	FULL	2	1528
229	176	234	8635	1292	26	31	FULL	1	20866
219	122	206	4807	2000	27	30	FULL	1	27598
334	212	120	2856	451	0	0	CORNERS	3	9241
298	213	182	1288	451	20	17	FULL	6	11455
291	273	107	4819	1176	0	0	FULL	3	17758
217	184	112	814	491	0	0	FULL	1	26728
384	298	101	5175	1051	16	15	FULL	1	13978
313	218	154	6814	2000	0	0	FULL	4	4543
291	188	173	6735	821	0	0	FULL	6	8548
346	283	117	6290	1153	0	0	FULL	4	10647
257	201	234	10332	2000	0	0	FULL	3	23443
245	202	172	1411	802	7	13	FULL	1	14981
214	164	128	229	411	0	0	FULL	1	3568
299	193	130	4605	1191	12	11	FULL	1	28274
357	216	148	1828	748	15	15	FULL	2	1193
311	236	157	1150	368	0	0	FULL	2	24168
285	179	186	7030	2600	23	22	FULL	3	2496
306	206	136	5261	2000	5	8	FULL	5	5754
436	163	148	5743	862	0	0	FULL	11	14256
292	188	190	7749	1205	0	0	FULL	1	6175
215	133	295	8840	2000	19	20	FULL	1	30664
302	199	191	8372	2000	20	27	FULL	6	12341
265	214	97	3118	1130	0	0	FULL	6	14871
297	272	148	3432	701	0	0	FULL	1	23643
245	169	229	8284	2000	0	0	FULL	2	3955
328	212	165	7394	2000	0	0	FULL	1	28328
408	183	153	6601	1125	12	10	FULL	2	28303
300	199	143	1164	518	0	0	FULL	4	2537
261	202	143	5115	2000	0	0	FULL	2	32434
334	203	125	2057	823	12	16	FULL	1	11423
351	246	87	1987	1138	0	0	ALL_EDGES	6	30322
256	169	81	780	250	0	0	FULL	1	7573
300	251	99	4050	473	0	0	FULL	1	2792
182	111	224	4455	2000	0	0	FULL	2	15491
260	176	143	936	565	0	0	FULL	7	20355
246	157	117	2880	2000	0	0	FULL	1	22354
444	177	121	418	250	0	0	FULL	1	1639
301	193	198	506	387	0	0	FULL	7	5216
219	145	172	4433	2000	0	0	FULL	3	18288
421	281	97	5646	318	0	0	FULL	2	14343
306	184	186	7507	2000	21	23	FULL	1	32597
220	172	120	3060	1202	0	0	FULL	1	4639
309	279	122	1081	574	35	35	FULL	5	27170
327	249	129	1575	566	0	0	FULL	4	19351
379	268	93	3296	1148	0	0	FULL	1	31835
333	186	121	4237	1128	0	0	ALL_EDGES	3	10629
246	95	192	3613	2000	0	0	FULL	1	17639
302	208	88	2799	1088	13	22	FULL	3	19831
345	193	127	4836	1167	8	8	FULL	2	12102
460	203	123	5646	2000	0	0	FULL	5	9353
279	185	184	1377	546	5	5	FULL	1	13026
313	244	158	7884	2000	10	13	FULL	3	9325
224	165	231	7752	2000	22	22	FULL	1	27379
306	252	110	2235	928	13	11	FULL	1	32728
273	194	141	4987	2000	0	0	FULL	2	26970
270	114	178	4092	2000	34	39	FULL	5	5581
261	204	159	6086	2000	20	23	FULL	1	26037
304	214	176	8038	2000	0	0	FULL	1	5695
250	169	248	3696	250	0	0	FULL	1	10554
274	211	130	4785	2000	0	0	FULL	1	12172
307	214	129	5134	1204	0	0	FULL	1	30120
249	132	167	4119	2000	34	37	FULL	1	18074
286	135	222	6800	1830	0	0	FULL	1	21108
315	200	184	8073	2000	0	0	FULL	2	9391
393	182	119	4411	853	15	13	FULL	1	8431
268	260	123	5338	2000	0	0	FULL	2	18922
278	131	152	3745	2000	0	0	ALL_EDGES	1	7239
433	258	103	5347	1006	0	0	FULL	3	20110
336	307	53	2123	429	0	0	FULL	2	22631
244	178	196	603	333	0	0	FULL	1	28258
295	206	139	1589	873	9	13	FULL	1	22084
257	176	210	7790	2000	0	0	FULL	1	31668
317	271	135	2334	521	17	22	FULL	2	1116
314	172	139	4642	2000	13	17	ALL_EDGES	3	16631
320	172	100	759	679	0	0	FULL	11	24872
339	249	89	3645	1072	0	0	FULL	2	5395
360	280	84	3060	1175	15	15	FULL	1	31044
279	183	186	503	408	29	25	FULL	1	10819
150	142	210	4729	2000	0	0	ALL_EDGES	2	21807
197	168	137	3420	2000	0	0	FULL	6	18811
229	164	148	319	250	25	25	FULL	2	14217
290	219	181	8337	2000	21	20	FULL	1	26864
235	142	195	5362	2000	31	34	FULL	2	21902
365	261	126	6612	1135	0	0	FULL	1	13171
247	170	178	5812	2000	0	0	FULL	1	30593
294	177	202	7948	2000	0	0	FULL	2	2833
396	232	125	6083	859	0	0	FULL	1	11371
287	248	120	1776	728	0	0	ALL_EDGES	3	7200
332	239	95	2100	598	0	0	FULL	4	30211
270	214	147	5771	1165	22	18	FULL	8	1580
307	152	162	1192	462	0	0	FULL	1	2317
240	193	183	578	335	0	0	FULL	2	795
445	230	112	5497	1041	13	16	FULL	1	17818
231	146	134	742	631	23	21	FULL	3	19695
202	200	111	3078	1180	21	22	FULL	1	11539
242	170	183	5940	750	32	26	FULL	2	18034
278	215	143	1241	250	0	0	FULL	1	5682
270	241	176	3082	1103	0	0	FULL	1	10804
343	208	119	4709	840	0	0	FULL	1	24061
392	243	126	6408	871	0	0	FULL	3	17632
232	191	260	10902	2000	0	0	FULL	1	24426
266	236	151	6593	1155	20	23	FULL	4	21231
254	150	118	2844	2000	0	0	FULL	4	17485
388	235	126	6175	1086	11	11	FULL	1	18510
203	140	192	4818	2000	0	0	FULL	1	6126
356	259	125	6394	1141	0	0	FULL	2	12942
379	317	87	1491	556	4	4	FULL	2	147
233	169	303	852	339	0	0	FULL	16	28176
270	219	194	8889	2000	0	0	FULL	2	14398
374	307	104	6012	1046	35	35	FULL	1	7970
253	210	217	9648	2000	24	24	FULL	9	739
289	128	175	4641	1203	0	0	FULL	1	21563
240	172	109	2821	2000	0	0	ALL_EDGES	1	8998
272	215	94	3041	1137	0	0	FULL	2	24287
226	144	322	2530	852	22	24	FULL	2	19958
304	224	110	2100	604	0	0	FULL	1	3808
287	188	157	816	404	0	0	ALL_EDGES	3	5233
303	255	110	4811	1151	0	0	FULL	1	2777
264	160	107	2668	1122	0	0	FULL	2	3048
299	240	161	7785	2000	22	19	FULL	3	23830
309	240	155	816	349	0	0	FULL	1	25696
298	199	127	4560	2000	9	12	LONG_EDGES	3	32332
347	284	86	4037	1048	13	12	FULL	2	11579
326	210	95	3321	1090	10	12	FULL	4	26762
315	176	170	6441	1201	0	0	FULL	3	8057
318	186	144	5304	2000	17	11	FULL	3	381
255	199	207	3738	591	0	0	FULL	4	7312
394	177	164	6911	1214	15	13	ALL_EDGES	3	8702
414	299	93	5198	791	14	14	FULL	3	24452
292	162	242	9487	2000	0	0	FULL	1	584
230	124	299	739	509	0	0	FULL	3	29048
283	254	147	6982	2000	0	0	FULL	1	13997
359	296	98	3486	1366	17	12	FULL	2	1975
417	217	116	3486	686	0	0	FULL	1	11386
216	142	178	1969	1193	0	0	FULL	3	9373
249	144	125	2947	1201	0	0	FULL	2	18249
234	203	158	5632	2000	0	0	FULL	1	17029
226	176	139	3949	2000	0	0	ALL_EDGES	4	29630
257	185	241	10028	2000	0	0	FULL	1	9729
327	248	105	2924	1420	15	11	FULL	5	24594
351	185	146	1938	735	0	0	FULL	1	23170
265	181	115	3371	1178	16	13	FULL	1	21639
317	274	121	6058	1129	0	0	FULL	2	26801
262	141	231	1504	635	0	0	FULL	2	13887
224	128	122	392	396	22	23	FULL	1	17745
315	237	127	5633	880	0	0	FULL	6	21180
288	199	148	773	394	0	0	FULL	1	19850
316	204	116	1455	869	0	0	FULL	1	28138
203	173	241	8270	2000	24	27	FULL	2	24717
237	163	193	6142	2000	0	0	FULL	1	2308
243	194	181	2193	907	0	0	FULL	1	8327
440	259	66	1410	496	0	0	FULL	1	13233
255	185	159	5422	2000	0	0	FULL	1	17589
348	168	128	4252	883	8	3	ALL_EDGES	4	8272
287	225	148	513	325	0	0	FULL	2	20340
292	255	154	7705	1173	0	0	FULL	4	27642
355	241	134	2265	728	10	10	FULL	1	1429
229	163	256	2109	250	0	0	FULL	1	1993
298	262	147	7486	2000	0	0	FULL	1	29510
458	239	68	2812	466	17	20	FULL	1	6064
312	201	152	1482	458	17	15	FULL	2	26682
357	204	103	3810	828	0	0	FULL	8	16776
324	267	132	6854	1161	0	0	ALL_EDGES	7	21367
341	177	190	7912	2000	0	0	FULL	3	17029
287	219	136	935	453	37	40	FULL	3	14853
323	206	112	4147	1160	16	14	FULL	2	14721
274	217	193	1023	383	0	0	FULL	1	3897
274	203	153	5856	420	21	18	FULL	1	31732
200	119	190	868	679	26	30	FULL	2	28011
279	227	165	2026	507	0	0	FULL	4	10618
224	131	154	3402	2184	0	0	FULL	1	2979
235	120	339	10108	2000	0	0	FULL	6	31356
306	224	168	7854	2000	0	0	ALL_EDGES	3	17217
235	170	214	1385	468	21	27	FULL	3	24615
166	104	259	4963	1406	0	0	FULL	1	24084
240	181	242	9481	1329	28	29	FULL	6	25114
305	239	130	5766	496	35	37	FULL	1	22566
332	133	102	2349	1125	12	8	FULL	2	4844
410	251	112	5692	1050	17	15	FULL	2	10850
304	173	228	9444	2000	0	0	FULL	1	31433
241	179	104	540	490	23	25	ALL_EDGES	1	16799
411	275	84	1358	424	16	17	FULL	2	17858
220	120	246	6155	2000	25	26	FULL	3	16654
313	233	116	4845	1156	0	0	FULL	1	18591
309	213	145	6032	1505	0	0	ALL_EDGES	1	3108
247	185	229	9135	2000	0	0	FULL	2	2485
289	210	189	8521	2000	30	36	FULL	1	10361
314	209	175	7912	2000	0	0	FULL	1	1595
287	130	147	3641	2000	0	0	FULL	1	28271
336	267	106	5035	1134	0	0	FULL	3	24755
366	234	134	6532	1131	0	0	FULL	1	13768
324	227	116	1572	250	0	0	FULL	1	10770
292	213	136	1130	432	0	0	FULL	2	25226
329	254	101	4445	1497	3	2	FULL	3	10059
227	188	176	6000	2000	22	30	FULL	2	21352
256	182	182	3009	693	0	0	FULL	3	17662
240	114	165	3406	2000	22	21	ALL_EDGES	5	27069
384	287	95	3045	612	0	0	FULL	1	14598
290	234	154	7056	2000	0	0	FULL	1	28252
285	166	137	4179	2600	19	22	FULL	3	30905
250	198	171	6426	2000	0	0	FULL	1	142
277	212	93	3003	870	17	17	FULL	2	15501
269	206	208	9188	1270	30	35	FULL	4	11651
301	200	91	2860	1067	13	8	FULL	3	26198
288	162	160	1095	445	5	3	FULL	6	13955
281	176	192	7163	2000	21	23	FULL	1	28336
249	184	120	599	392	0	0	FULL	4	22089
294	198	146	5542	1187	19	18	FULL	2	15878
346	212	115	1249	442	0	0	FULL	1	20542
243	182	259	10660	2000	14	16	FULL	1	25392
376	363	84	5198	807	14	16	FULL	2	13258
311	248	110	4743	1143	0	0	FULL	1	8440
308	206	118	1245	786	0	0	FULL	1	4554
241	208	110	3454	2000	0	0	FULL	4	10778
357	197	135	1786	680	9	13	FULL	2	27215
298	201	142	2822	250	17	22	FULL	1	1132
316	287	82	3637	1071	0	0	FULL	1	16759
250	184	163	457	250	30	29	FULL	4	20437
261	195	167	6230	2000	0	0	FULL	1	9501
312	223	108	4147	1126	0	0	FULL	1	31253
187	164	276	9146	2000	0	0	FULL	1	17872
246	190	182	841	250	0	0	FULL	1	27551
240	158	171	1794	1163	22	25	FULL	1	14513
247	163	137	566	250	0	0	FULL	1	12666
247	212	201	1344	250	26	31	FULL	1	13301
260	165	222	7951	2000	0	0	FULL	2	25828
369	249	82	3375	1039	0	0	FULL	1	24836
252	172	172	5662	2000	0	0	FULL	2	31288
201	129	211	5054	2000	0	0	FULL	3	12471
287	184	217	9096	2000	0	0	FULL	1	11690
315	238	114	4785	1160	11	12	ALL_EDGES	3	31886
259	201	203	1249	250	0	0	ALL_EDGES	1	31456
298	195	147	5525	755	0	0	FULL	2	30962
274	261	77	1485	922	0	0	FULL	3	6347
244	224	192	8452	1273	29	32	FULL	4	3296
226	146	167	4306	2000	0	0	FULL	4	32667
299	165	214	8095	2000	0	0	FULL	1	3572
175	125	161	3027	2000	0	0	FULL	1	9874
265	201	141	5047	2000	0	0	FULL	1	4749
273	185	167	6103	2000	0	0	FULL	2	3166
339	245	139	6854	374	6	10	FULL	3	32244
373	195	103	2017	602	0	0	FULL	4	8271
261	207	139	1065	427	20	20	FULL	5	14476
249	247	123	4867	2000	19	20	FULL	2	422
288	179	164	5907	2000	23	26	FULL	2	32767
363	225	117	5073	1083	0	0	FULL	3	15773
300	224	111	4282	1122	0	0	FULL	1	28126
342	147	228	149	271	0	0	FULL	2	7632
369	191	135	5386	1176	30	32	FULL	1	13644
316	217	66	1606	363	0	0	ALL_EDGES	1	31862
316	141	258	9418	2000	39	41	FULL	1	20756
298	192	167	1643	635	0	0	FULL	1	14890
205	151	113	717	317	30	27	FULL	3	14846
391	334	88	5209	816	0	0	FULL	1	19714
279	207	147	5695	2000	0	0	FULL	1	7376
245	132	139	3118	2000	0	0	FULL	2	7878
286	207	127	4650	1147	16	16	FULL	3	8090
234	206	197	7894	2000	29	33	FULL	4	7500
259	148	222	7114	2000	23	30	ALL_EDGES	2	25067
288	224	70	2115	1021	0	0	FULL	3	1926
295	273	131	6499	1147	0	0	ALL_EDGES	1	4408
305	163	152	4897	2000	15	19	FULL	1	13896
286	235	171	8165	2000	34	34	FULL	4	5047
523	375	59	3783	565	0	0	FULL	1	13098
243	175	176	2010	250	22	22	ALL_EDGES	1	15899
335	229	137	6258	2000	0	0	FULL	3	2603
357	200	167	7620	1143	0	0	ALL_EDGES	1	17260
277	133	177	4764	2000	24	29	FULL	1	9032
348	333	99	5819	1073	0	0	FULL	2	21427
275	205	203	8993	1238	0	0	FULL	7	26414
198	136	166	333	480	0	0	FULL	1	24101
230	175	188	6142	2000	0	0	FULL	2	23483
322	218	150	6657	2000	0	0	FULL	2	16056
262	161	130	3580	2000	0	0	ALL_EDGES	1	15886
285	198	186	1512	336	0	0	FULL	2	14735
295	213	120	2550	1107	14	15	FULL	1	11944
260	178	183	909	576	36	37	FULL	1	21212
250	167	274	4243	1462	0	0	FULL	2	20870
316	241	152	7383	2000	5	8	ALL_EDGES	2	20336
248	149	229	7378	2000	0	0	FULL	6	708
292	212	170	7371	2000	20	16	FULL	1	26179
455	259	97	5094	769	0	0	FULL	2	20027
283	202	167	3733	742	0	0	FULL	2	1269
270	167	255	10062	2000	24	28	FULL	4	8024
256	193	151	5295	2000	35	37	FULL	1	31429
329	241	95	3810	828	0	0	FULL	1	5490
256	149	195	5955	2000	0	0	FULL	1	13625
347	299	53	748	250	0	0	FULL	2	8432
280	163	263	10488	2000	28	30	FULL	3	21645
312	219	124	4998	1188	0	0	ALL_EDGES	2	14784
294	233	138	6042	2000	0	0	FULL	4	17397
281	199	153	5780	2000	0	0	FULL	1	18513
370	177	175	7337	616	0	0	FULL	2	24196
288	275	108	1334	459	6	9	FULL	1	15850
250	183	186	6681	2000	0	0	FULL	2	20944
314	144	121	3195	1156	0	0	FULL	6	7521
285	236	142	6203	2000	0	0	FULL	2	21687
277	217	174	7633	2000	0	0	ALL_EDGES	3	2100
280	224	168	1869	293	24	32	FULL	1	12625
352	264	70	2775	280	15	18	FULL	4	2782
283	238	172	8222	2000	0	0	FULL	4	4215
199	157	143	1192	585	0	0	FULL	1	8640
271	179	217	8526	2000	23	32	FULL	4	12625
196	122	187	711	743	27	28	FULL	2	30689
323	168	194	2236	540	0	0	ALL_EDGES	2	4630
298	231	138	6004	2000	0	0	FULL	1	30557
214	117	179	3735	2000	0	0	ALL_EDGES	1	12242
374	216	130	1407	416	3	2	FULL	3	24323
357	322	100	5761	1089	11	12	ALL_EDGES	1	14113
223	167	175	656	250	25	25	ALL_EDGES	2	17769
333	224	114	4683	1112	10	6	FULL	1	5754
327	198	146	5909	2000	3	1	FULL	2	1718
356	244	133	6578	1169	8	9	FULL	2	26298
252	131	228	6442	2000	0	0	FULL	1	5165
341	277	122	3266	250	0	0	FULL	2	15384
276	148	207	6706	1253	0	0	ALL_EDGES	3	31824
360	215	97	3690	1047	18	21	FULL	1	29747
334	280	102	3743	250	0	0	FULL	1	8316
244	224	191	462	300	0	0	FULL	2	27201
316	179	186	7402	2000	21	17	ALL_EDGES	1	29937
302	187	115	3744	1151	0	0	FULL	2	24932
288	172	241	9936	1554	30	27	FULL	2	5220
323	249	69	792	434	5	7	FULL	7	14841
262	195	108	3289	1756	9	10	FULL	1	18744
338	243	127	1648	576	6	11	ALL_EDGES	2	23354
278	150	180	5520	2000	20	14	FULL	1	12436
342	249	112	5111	1098	0	0	FULL	4	19398
255	142	96	941	900	13	13	FULL	4	15480
391	275	107	5704	1061	0	0	FULL	1	12268
321	176	115	3653	880	0	0	FULL	1	22133
490	234	100	4266	1219	0	0	FULL	4	22318
348	257	95	2439	632	13	13	FULL	1	16664
290	196	202	8763	1443	0	0	FULL	2	15079
310	260	105	4649	853	0	0	FULL	1	3033
402	203	141	6394	859	0	0	FULL	1	4982
295	237	107	2130	250	19	20	FULL	3	7357
339	201	139	3296	1358	0	0	FULL	1	18913
217	178	169	5206	2000	0	0	FULL	1	31934
280	193	194	892	367	32	39	FULL	3	7394
254	186	116	3454	2000	0	0	FULL	1	6831
264	180	157	5317	2000	20	24	FULL	5	29211
205	142	121	2467	2000	0	0	FULL	2	5787
283	257	117	5091	1164	14	18	FULL	2	18239
210	173	123	3168	2000	0	0	FULL	1	32499
240	171	281	11109	1976	22	24	FULL	1	17857
255	186	95	1359	1275	14	11	FULL	1	32070
300	206	122	4462	873	17	22	FULL	1	3646
369	185	154	6321	1167	11	15	FULL	2	29509
282	143	211	2533	250	0	0	FULL	3	11659
263	223	110	3926	1181	25	28	FULL	1	25863
306	190	146	5431	2000	18	20	FULL	1	25065
304	149	121	3245	1796	23	22	FULL	3	1593
303	206	184	8222	2000	0	0	FULL	2	8849
295	205	173	903	733	0	0	FULL	1	21086
238	151	237	7624	1326	0	0	FULL	3	7084
237	168	114	931	526	10	9	FULL	2	5440
394	225	135	2160	485	9	13	FULL	2	5755
268	192	185	7201	2000	0	0	FULL	3	90
347	186	186	8100	2000	0	0	FULL	2	32747
208	114	191	486	250	0	0	ALL_EDGES	2	27460
323	209	155	6730	1146	0	0	FULL	2	15758
282	173	133	1001	250	0	0	FULL	3	23283
326	228	101	3937	822	12	16	FULL	1	30313
285	243	165	8050	2000	0	0	FULL	1	15866
250	170	222	855	420	0	0	FULL	4	28414
222	177	164	585	250	0	0	FULL	2	32081
249	148	177	1046	1303	25	30	FULL	3	13342
192	111	210	4221	2000	0	0	CORNERS	2	25232
283	170	218	8379	2000	27	26	FULL	1	2241
315	225	162	7613	2000	18	20	FULL	1	1027
328	262	134	6842	2000	14	16	FULL	2	22915
256	129	136	3024	2000	20	24	FULL	1	3748
291	213	185	8406	2000	0	0	FULL	1	9795
205	163	195	2002	388	0	0	FULL	3	3399
380	239	127	6244	1104	9	3	ALL_EDGES	2	15984
264	201	160	6069	2027	40	41	FULL	2	19265
315	264	115	5377	1128	12	14	FULL	6	10762
351	220	136	6111	857	0	0	FULL	1	1823
270	160	267	10292	1260	28	29	FULL	1	27482
244	193	181	2218	1136	0	0	FULL	1	31843
285	212	124	4597	1214	0	0	FULL	3	26410
306	163	190	6868	570	22	22	FULL	2	14377
418	149	168	2698	250	12	9	FULL	2	686
277	245	139	6222	1201	38	38	FULL	1	22637
376	188	163	2564	776	11	9	FULL	4	11133
196	143	233	754	477	0	0	FULL	1	10510
321	248	150	7620	2000	0	0	FULL	1	11230
216	165	183	468	346	0	0	FULL	1	5882
307	197	189	1334	472	39	39	ALL_EDGES	4	1887
243	175	105	2758	1799	0	0	FULL	5	17035
300	168	169	629	250	0	0	ALL_EDGES	1	4401
305	216	129	1572	850	0	0	FULL	2	25287
216	115	381	2916	1061	21	22	FULL	3	19394
240	159	223	7386	2000	22	17	FULL	1	9853
298	223	157	1428	532	0	0	FULL	2	1175
236	156	122	2988	603	19	16	FULL	1	10623
279	163	165	5295	2000	0	0	FULL	2	16019
316	229	131	5709	1201	0	0	FULL	5	14174
292	239	122	5117	2000	5	5	FULL	4	7989
291	169	152	5002	2000	19	23	FULL	2	22428
362	206	141	3129	1035	0	0	FULL	1	16313
427	232	116	5681	1091	0	0	FULL	1	18541
269	194	143	1050	250	0	0	FULL	1	5107
227	155	270	1548	250	0	0	FULL	1	14241
319	192	139	5219	1191	16	12	FULL	1	25392
234	148	217	1102	250	5	4	FULL	2	3614
223	166	177	526	358	0	0	FULL	4	26607
274	194	84	1161	894	0	0	FULL	1	26880
260	174	187	6570	2600	0	0	FULL	1	28368
284	237	126	3986	1185	0	0	FULL	4	8375
264	190	150	510	459	0	0	FULL	3	18914
323	234	152	7314	2000	0	0	FULL	2	22730
337	215	145	6415	430	12	17	FULL	3	14404
290	224	131	5304	2000	0	0	FULL	4	6194
355	229	142	6785	1166	0	0	FULL	1	32062
346	220	125	1871	493	0	0	FULL	2	3956
233	151	100	353	388	35	30	FULL	3	21132
400	185	115	4309	1053	0	0	FULL	1	23017
332	218	104	3952	824	15	16	ALL_EDGES	3	14409
274	176	176	382	250	29	26	ALL_EDGES	3	3080
292	181	218	9050	2000	0	0	FULL	1	31307
258	181	182	6511	1256	26	30	FULL	1	26463
347	124	244	8032	2000	36	37	FULL	2	25991
325	197	133	5074	1197	0	0	FULL	2	19763
313	224	164	7682	2000	19	23	FULL	1	5950
265	179	158	930	651	0	0	FULL	2	12462
284	202	149	1768	725	0	0	FULL	1	22117
282	195	136	4830	2000	0	0	FULL	6	31502
285	181	164	5933	2000	26	25	FULL	1	21546
226	114	174	1228	1121	0	0	FULL	3	17973
307	244	154	7521	2000	0	0	FULL	2	27998
316	215	169	6129	1228	0	0	FULL	1	6198
254	187	180	824	568	34	38	FULL	3	8777
332	218	158	2783	848	12	11	FULL	1	18874
458	271	93	4278	1472	0	0	FULL	4	5917
186	97	195	3216	2000	0	0	FULL	1	32573
235	183	198	612	250	31	31	FULL	1	22763
243	116	267	427	471	26	26	FULL	1	22611
368	241	119	1942	250	9	7	FULL	2	14588
212	175	230	7939	2000	8	7	FULL	1	29499
249	201	151	592	339	0	0	FULL	2	21401
254	162	181	495	468	0	0	FULL	1	11319
239	171	183	5962	2000	0	0	FULL	2	7832
232	172	213	7352	2600	0	0	FULL	5	15575
242	207	189	1406	444	0	0	FULL	7	21284
245	162	164	4855	1197	0	0	FULL	2	28168
296	226	179	8568	2000	0	0	FULL	2	12351
269	184	212	8473	2000	0	0	FULL	2	27748
242	161	193	1485	250	0	0	FULL	1	21103
368	219	105	4301	1063	11	17	FULL	1	28251
361	210	139	6090	1132	0	0	FULL	3	23465
342	303	101	5397	1072	4	1	FULL	3	20250
350	264	114	5628	1119	0	0	FULL	1	25363
299	208	88	2821	815	0	0	FULL	2	8735
311	206	181	8061	1212	0	0	FULL	1	8554
306	182	187	7539	2000	0	0	FULL	1	16445
391	238	123	2518	970	0	0	FULL	3	22738
221	169	202	1770	250	28	27	FULL	1	22369
283	157	102	612	250	3	3	FULL	2	10319
213	145	242	7155	1323	0	0	FULL	2	12536
271	233	183	8636	2000	29	36	FULL	1	25136
249	183	188	646	352	0	0	FULL	1	15177
293	203	126	1072	552	5	10	FULL	7	25586
270	224	141	1700	250	10	5	FULL	1	19742
371	281	82	3043	1469	0	0	FULL	2	19729
243	158	274	504	385	0	0	FULL	2	10175
222	184	135	3932	2000	27	27	FULL	1	7781
258	213	136	5025	1698	0	0	CORNERS	1	22720
238	254	108	1768	365	0	0	FULL	1	2922
323	237	138	1113	395	0	0	ALL_EDGES	4	15843
269	183	133	4225	1976	0	0	FULL	3	24671
253	188	178	6511	2000	22	30	FULL	2	21557
291	186	157	5763	2000	19	20	FULL	1	10375
307	219	171	7900	2000	0	0	ALL_EDGES	4	19663
214	131	197	4768	2600	29	34	FULL	2	10321
276	229	182	1081	411	34	36	FULL	2	332
277	139	272	2635	250	0	0	FULL	1	23196
243	189	120	3575	2000	0	0	FULL	3	15457
334	224	154	6670	912	17	16	FULL	3	187
351	195	139	2707	1217	0	0	FULL	3	12163
246	164	160	4803	911	0	0	FULL	1	4649
321	226	159	7486	2000	18	23	FULL	2	14054
307	218	127	5091	1188	0	0	FULL	3	25604
325	203	129	5006	1200	0	0	FULL	1	2154
313	212	128	5066	1173	10	14	FULL	4	3352
344	202	122	4751	860	8	9	FULL	2	1415
371	246	93	2456	999	0	0	ALL_EDGES	1	224
200	149	151	3559	2000	0	0	FULL	1	6900
238	175	252	9691	2000	0	0	ALL_EDGES	2	21976
258	191	91	1071	250	12	15	FULL	1	27540
206	158	201	442	294	0	0	FULL	2	28004
294	197	95	1529	250	0	0	FULL	2	13255
388	261	84	3774	991	0	0	FULL	3	11203
258	170	149	4543	2000	37	37	FULL	3	17998
288	166	198	7191	2000	8	10	FULL	4	13534
386	230	134	2136	835	8	13	FULL	2	14732
241	132	172	533	250	0	0	FULL	1	28947
252	205	144	5220	2000	23	19	FULL	2	9611
193	144	236	3191	1076	0	0	FULL	2	12198
246	179	125	946	475	8	11	FULL	1	6887
281	204	183	7749	2000	0	0	FULL	2	5598
205	162	225	7042	2000	0	0	FULL	2	13470
339	245	139	2829	834	12	11	FULL	1	27467
314	255	144	7222	2000	0	0	FULL	2	10270
252	188	180	6553	2000	0	0	FULL	4	20235
167	121	220	4599	2000	23	19	FULL	3	2370
295	249	157	2507	250	19	27	FULL	1	18877
256	192	195	7533	2000	0	0	ALL_EDGES	1	20150
288	193	217	2568	250	27	27	FULL	1	25903
327	186	140	5176	1222	5	4	FULL	1	16313
362	271	118	6164	1108	13	21	FULL	1	22902
280	187	125	4036	2600	0	0	FULL	2	29071
360	274	106	2751	915	0	0	FULL	4	25563
343	218	127	5405	1144	0	0	FULL	1	20184
349	239	90	3622	812	14	16	FULL	1	29289
207	158	137	526	316	0	0	FULL	1	28892
251	136	249	2414	257	0	0	FULL	5	12719
324	154	151	4267	1198	17	16	FULL	1	5438
297	205	123	4500	1165	14	14	FULL	2	28659
260	230	159	2099	539	0	0	FULL	2	6695
246	179	192	6817	2000	0	0	FULL	3	21946
297	132	165	598	250	21	24	FULL	4	32590
253	189	177	6494	2000	0	1	ALL_EDGES	2	28251
276	232	117	3195	1410	0	0	ALL_EDGES	1	3430
234	167	192	6165	2000	28	28	FULL	3	7040
272	237	163	2509	1058	20	31	FULL	2	25501
272	183	191	7267	2000	30	37	FULL	4	8556
291	192	134	4732	2600	29	32	FULL	7	30807
215	181	194	1162	439	0	0	FULL	1	18510
344	239	128	619	326	0	0	FULL	8	31841
303	200	190	333	250	21	24	ALL_EDGES	4	29691
367	268	116	1322	621	38	38	FULL	1	25941
280	158	216	1225	663	21	21	FULL	1	16697
298	240	146	6814	2000	18	23	ALL_EDGES	4	30831
514	327	98	6946	250	0	0	FULL	1	6562
493	217	145	7951	1092	0	0	FULL	2	1368
460	269	157	10725	1087	0	0	FULL	1	23696
241	138	439	17168	1435	49	47	FULL	1	16264
285	225	210	10557	1345	23	25	FULL	1	5138
402	319	121	8029	1099	0	0	FULL	2	30231
378	196	236	4812	927	0	0	ALL_EDGES	1	9536
359	224	181	2378	785	0	0	FULL	2	24342
307	205	198	9187	2600	0	0	FULL	3	15761
379	254	140	1660	250	42	52	ALL_EDGES	2	21242
323	297	173	11137	2000	0	0	ALL_EDGES	1	27194
289	226	191	9300	2000	24	22	FULL	1	6382
332	294	169	1914	619	39	42	FULL	2	13219
362	237	145	2900	802	0	0	FULL	2	746
356	275	159	9625	1171	0	0	FULL	1	6258
569	269	130	9140	795	0	0	FULL	1	9563
333	254	183	10586	2000	33	34	FULL	3	6790
319	177	238	10611	2000	0	0	FULL	1	2375
338	218	198	10193	2600	0	0	FULL	1	25358
395	227	161	2508	480	0	0	FULL	1	15290
361	301	161	4077	544	17	17	FULL	7	27861
448	328	112	7854	824	13	12	FULL	1	10192
342	275	186	11917	2000	0	0	FULL	3	16780
314	214	231	1426	545	0	0	FULL	1	16093
317	196	216	10179	2000	36	39	FULL	2	7831
513	292	134	9700	805	0	0	FULL	2	30351
427	362	94	6496	1016	0	0	FULL	1	19444
378	211	169	8397	1183	14	20	FULL	1	10614
351	214	220	11962	2000	0	0	FULL	3	6871
313	248	161	8287	2000	0	0	FULL	1	7611
372	226	208	12057	2000	0	0	FULL	5	18258
422	270	153	9870	1150	0	0	FULL	1	10317
412	239	189	11618	2000	6	11	FULL	5	32226
315	287	204	3866	765	10	8	FULL	1	6891
347	217	205	10958	2000	0	0	FULL	2	30134
317	251	194	11129	2000	30	32	FULL	2	32401
454	329	130	6376	340	0	0	FULL	3	3637
334	245	201	11764	2000	2	2	FULL	2	22680
328	205	261	14157	2000	0	0	FULL	3	2895
310	166	281	725	271	0	0	FULL	8	25253
337	244	201	11698	2000	21	27	FULL	3	11006
321	212	214	10831	2000	35	39	FULL	2	14096
399	211	149	2087	795	0	0	FULL	1	18310
460	312	129	9268	1090	0	0	FULL	2	3233
276	184	266	11934	2000	38	41	FULL	3	17379
310	301	177	11467	2000	19	19	FULL	3	7371
304	187	274	13283	2000	0	0	ALL_EDGES	2	23279
507	328	117	8950	1018	0	0	FULL	2	11275
309	237	238	1120	337	30	29	FULL	1	649
341	352	162	12460	718	0	0	FULL	5	30464
272	248	200	10543	2000	0	0	FULL	2	8841
391	257	164	9966	1169	0	0	FULL	1	12217
477	385	109	9140	1016	16	20	FULL	3	8802
309	221	198	9895	2000	0	0	FULL	4	18590
335	298	155	573	250	28	30	FULL	1	4015
332	255	184	10617	2000	0	0	FULL	4	1574
321	239	176	9207	1190	0	0	FULL	1	24664
386	241	156	2117	567	0	0	FULL	2	8489
366	205	207	10726	2000	27	29	FULL	1	17715
427	261	180	12100	870	0	0	FULL	3	30741
372	227	172	1754	412	41	45	FULL	6	10515
365	189	223	11129	2000	17	18	ALL_EDGES	2	6184
344	226	226	2730	591	0	0	FULL	2	17867
289	236	287	3939	705	0	0	ALL_EDGES	1	32088
380	145	245	9936	2000	24	28	FULL	1	1889
317	260	177	1551	435	0	0	ALL_EDGES	2	30174
359	240	145	7412	1204	10	14	FULL	6	29811
383	187	259	13893	1211	0	0	FULL	1	25537
487	257	160	10780	1133	6	4	FULL	1	25763
334	224	168	8187	2000	0	0	ALL_EDGES	2	22006
330	232	256	15619	682	30	28	FULL	2	11973
448	303	129	2327	683	0	0	FULL	4	2503
282	267	166	2137	663	24	23	FULL	2	32758
324	163	352	17297	2000	0	0	FULL	2	14400
426	256	178	11758	1168	0	0	FULL	1	11615
374	321	104	6237	1055	0	0	FULL	5	23523
351	238	161	8491	2000	0	0	ALL_EDGES	3	7782
363	323	132	2867	491	9	11	FULL	1	12706
355	186	190	8437	2000	0	0	FULL	3	19508
338	249	185	10571	2000	38	36	FULL	1	3332
420	266	157	2712	443	0	0	FULL	1	19097
305	205	280	15137	2000	27	32	FULL	1	5919
304	229	252	1347	250	0	0	FULL	2	1386
333	206	182	8512	2000	0	0	FULL	1	5103
336	244	177	9715	2000	0	0	FULL	1	1789
327	255	222	13930	2000	23	22	FULL	1	26549
254	195	272	12528	2000	0	0	FULL	6	5340
460	511	66	5704	657	0	0	FULL	7	22374
363	263	153	8758	887	0	0	FULL	2	21252
317	250	246	2944	250	0	0	FULL	1	480
266	162	313	432	288	0	0	FULL	1	27835
416	216	172	9300	1152	8	11	FULL	3	24507
291	219	227	11643	2000	24	29	FULL	6	25984
320	234	181	9342	2600	0	0	FULL	5	5144
311	233	186	9598	2600	20	24	FULL	4	16745
417	282	132	5254	1402	14	22	FULL	2	24152
295	240	219	12167	2000	0	0	FULL	2	14427
357	204	268	15366	2000	0	0	FULL	3	9964
386	241	167	2852	683	0	0	ALL_EDGES	2	20896
441	337	131	10042	1073	0	0	ALL_EDGES	2	5943
452	252	163	10397	1159	0	0	FULL	1	20710
285	203	215	1375	700	0	0	FULL	1	20978
416	234	139	7330	1149	0	0	FULL	4	11359
451	298	145	3744	699	0	0	FULL	2	3845
455	338	101	6975	1029	0	0	FULL	2	19813
449	195	177	3425	523	0	0	FULL	1	7581
276	229	214	10813	1246	22	22	FULL	1	1710
333	217	174	8337	1207	19	15	FULL	1	973
361	218	197	10555	2000	0	0	ALL_EDGES	1	2447
311	248	240	14763	2000	4	12	FULL	1	19952
371	255	185	4865	355	0	0	FULL	3	1592
313	216	214	1174	512	32	34	FULL	7	13136
349	180	262	1254	352	0	0	FULL	1	11340
419	289	112	5238	1510	15	17	ALL_EDGES	3	30108
379	266	193	12870	1191	0	0	FULL	4	30370
273	249	184	9375	2000	4	3	ALL_EDGES	1	21420
286	240	211	11339	2000	3	6	FULL	2	2511
322	319	132	8046	1196	0	0	FULL	1	3221
304	206	294	3644	250	28	30	FULL	1	19989
330	244	156	7962	2000	0	0	FULL	1	23659
318	169	270	12093	2000	0	0	FULL	2	11832
424	390	118	5245	250	0	0	FULL	2	17839
276	221	222	10989	2600	0	0	FULL	3	31692
410	173	203	478	250	18	15	FULL	3	1106
429	285	111	6520	1057	0	0	FULL	6	17087
407	170	210	2755	864	18	21	FULL	4	9853
401	156	200	8162	2000	18	19	FULL	3	30205
389	380	112	8365	1096	14	10	FULL	1	17396
362	268	129	7000	852	30	35	FULL	3	7308
425	246	129	7033	1090	0	0	FULL	3	2727
286	196	258	12441	2000	0	0	ALL_EDGES	2	26086
327	173	275	3596	1005	24	28	FULL	1	6596
440	319	125	8820	1072	11	9	FULL	1	11710
350	205	259	7252	250	24	27	FULL	3	10022
377	244	158	8743	1192	12	12	FULL	1	21159
545	382	84	2415	691	0	0	FULL	1	17600
335	224	194	10135	1223	0	0	FULL	3	22618
377	292	113	6462	1097	12	14	ALL_EDGES	1	14793
250	182	299	13176	2000	0	0	ALL_EDGES	2	5048
387	346	116	3704	357	0	0	FULL	2	26861
390	247	160	9269	910	0	0	FULL	1	2175
331	276	169	10245	2000	0	0	FULL	1	7268
337	199	231	11718	1214	27	31	FULL	2	4318
305	260	157	8300	1217	0	0	FULL	2	20365
416	249	189	3958	250	18	21	FULL	2	21335
269	202	341	18555	2000	24	22	FULL	1	15234
376	256	160	9424	1209	17	15	FULL	1	30318
359	229	165	8491	2000	0	0	ALL_EDGES	13	18966
390	242	175	10263	2000	0	0	FULL	3	7367
412	258	146	4991	435	0	0	FULL	3	19482
387	232	140	3200	568	0	0	ALL_EDGES	4	1197
314	237	208	4836	1067	24	25	FULL	1	29969
482	340	107	5460	1046	14	15	FULL	2	4143
418	316	140	10082	1128	0	0	FULL	2	21273
371	261	150	8613	1205	0	0	FULL	3	19896
320	311	146	9106	2000	10	12	ALL_EDGES	1	8405
306	222	214	11049	2000	0	0	FULL	1	15013
217	144	400	14887	2000	11	15	FULL	1	32367
376	280	147	3673	849	0	0	FULL	4	6100
377	239	172	1364	250	17	18	FULL	1	24845
323	257	187	10834	2000	7	6	ALL_EDGES	1	7408
332	223	195	10222	2000	40	44	ALL_EDGES	5	17800
336	224	246	14430	2000	0	0	FULL	1	2184
412	249	190	12285	2000	0	0	FULL	3	18947
409	206	184	2697	838	0	0	FULL	1	25354
373	261	180	2660	458	0	0	FULL	1	20992
425	263	112	1562	637	44	40	FULL	1	18247
329	147	260	10087	2000	0	0	FULL	1	20134
315	261	238	15405	2000	0	0	FULL	2	3641
498	258	152	5674	612	0	0	FULL	2	31580
243	251	238	12919	2600	25	23	FULL	3	26425
359	260	199	12672	2000	0	0	FULL	1	31844
342	210	201	10222	2000	0	0	FULL	1	31623
297	206	206	2962	356	22	28	ALL_EDGES	4	28893
355	289	161	4026	250	0	0	FULL	1	2123
304	205	280	3027	462	0	0	FULL	1	21760
325	251	202	11929	2000	0	0	FULL	2	2354
413	260	135	7801	1087	0	0	FULL	13	15927
303	198	242	11759	2272	0	0	FULL	1	2396
438	267	167	11271	1188	31	32	FULL	1	27813
442	337	134	4100	898	0	0	ALL_EDGES	2	5985
263	247	286	17279	2000	0	0	FULL	1	15808
243	186	299	13365	1310	0	0	FULL	3	15909
364	165	209	625	311	29	27	FULL	1	13910
367	291	126	1431	574	0	0	FULL	1	28101
207	129	616	24486	2000	0	0	FULL	1	23927
345	251	179	10307	1194	0	0	CORNERS	8	20661
357	227	227	13523	2000	31	31	FULL	1	21502
349	215	167	8000	2000	15	17	FULL	1	21439
290	203	246	12107	1670	31	35	FULL	2	27507
388	327	130	3300	736	0	0	FULL	3	19955
390	314	126	8308	829	0	0	FULL	1	20589
390	349	122	8695	1119	0	0	FULL	3	1813
373	217	167	2713	250	19	21	FULL	2	7043
285	184	258	11596	2000	0	0	FULL	2	26963
475	297	142	4140	728	0	0	FULL	3	20173
436	284	101	5737	999	14	11	FULL	1	25127
364	239	178	10044	2000	0	0	FULL	1	11382
327	214	236	4059	250	17	13	FULL	1	13552
452	294	147	10452	872	0	0	FULL	2	30104
360	223	206	2970	824	21	22	FULL	1	1121
363	257	199	2867	250	21	20	FULL	2	23002
308	234	278	440	271	27	29	FULL	1	15361
278	212	265	13624	2000	7	8	FULL	4	11410
316	216	243	13134	2600	0	0	FULL	2	9741
323	218	220	11687	2000	29	32	FULL	1	258
441	232	151	8525	1100	34	38	FULL	3	30473
318	280	174	10586	2000	0	0	FULL	1	3882
404	188	165	2175	820	8	9	FULL	2	11336
286	147	367	15639	1344	0	0	FULL	3	7205
349	233	204	11599	2000	0	0	FULL	1	30010
310	265	202	12177	2000	0	0	FULL	2	8712
357	243	231	14720	634	31	27	FULL	1	23435
406	282	118	6871	1827	27	30	FULL	3	15931
349	337	106	3025	1027	0	0	FULL	3	20976
282	195	298	2640	610	0	0	FULL	6	16859
396	227	173	9532	364	9	7	FULL	2	10167
326	228	195	10295	2000	44	44	FULL	2	7056
424	275	142	8976	1105	15	23	FULL	2	15335
316	224	260	2793	255	0	0	ALL_EDGES	2	24878
530	333	99	7280	250	0	0	FULL	3	24123
257	168	405	19407	2000	20	21	FULL	3	32353
328	287	153	9207	2000	11	12	FULL	1	10957
293	216	198	9375	1248	0	0	ALL_EDGES	3	25613
385	236	170	9579	2000	0	0	FULL	1	6683
423	255	143	8463	1130	8	12	FULL	2	10488
502	395	88	2152	250	0	0	FULL	1	4519
386	261	174	5547	1071	14	17	FULL	2	10168
594	334	98	7663	255	0	0	ALL_EDGES	2	6827
399	264	147	2480	604	0	0	FULL	4	30305
292	231	200	2632	250	0	0	FULL	4	8832
347	198	183	8375	2000	0	0	FULL	1	6413
389	225	143	3275	888	13	14	ALL_EDGES	2	14716
450	256	152	5075	1186	0	0	ALL_EDGES	1	10790
357	319	175	12980	2000	0	0	FULL	2	12507
402	311	124	3394	779	0	0	FULL	2	27296
373	283	118	6637	826	0	0	FULL	1	2409
423	300	158	11440	1182	15	13	FULL	4	6879
255	169	289	11900	2000	25	29	FULL	2	6184
354	309	142	9145	1178	10	9	FULL	3	5257
408	297	136	8959	1093	0	0	FULL	7	10946
349	222	238	13967	2000	0	0	FULL	4	22483
367	263	130	6975	860	9	13	FULL	1	11727
421	322	114	4371	631	0	0	ALL_EDGES	2	11256
292	218	229	812	428	29	30	FULL	2	8309
346	217	194	9990	2000	23	24	FULL	1	17784
367	268	148	8598	1169	0	0	FULL	2	10968
448	251	138	8122	1127	0	0	ALL_EDGES	4	32531
335	214	217	11408	2000	38	39	FULL	2	29511
291	167	320	2185	953	25	24	FULL	3	27608
373	221	176	5394	250	0	0	FULL	1	7690
372	180	232	11222	2000	0	0	FULL	1	7011
450	223	174	2660	579	0	0	FULL	1	26904
330	276	203	13320	2000	0	0	FULL	1	9598
281	198	261	12615	2000	0	0	FULL	3	4474
297	190	276	759	396	29	30	FULL	3	28930
475	340	108	7962	802	0	0	FULL	2	29660
505	309	106	5659	707	14	13	FULL	4	6887
368	193	219	10989	2600	0	0	FULL	3	22385
434	323	143	10780	1100	9	14	FULL	6	16376
365	206	259	14976	2000	0	0	FULL	1	12958
311	221	181	1500	254	26	34	FULL	5	17407
293	230	244	13645	2000	25	28	FULL	2	7027
342	276	164	4402	1213	0	0	FULL	1	11523
355	206	239	1575	526	24	23	FULL	1	4832
301	244	225	4933	250	0	0	FULL	2	11233
355	210	169	7987	2000	0	0	FULL	2	5935
372	329	151	2886	598	6	2	ALL_EDGES	1	22755
343	297	142	1769	646	17	22	ALL_EDGES	1	31136
367	209	202	10586	2000	0	0	ALL_EDGES	2	138
356	203	214	11036	2000	0	0	FULL	2	25863
313	224	278	3529	647	0	0	FULL	1	312
331	222	184	9261	1205	5	2	FULL	2	5446
450	272	102	5675	1013	0	0	FULL	1	20325
425	246	138	1247	519	12	14	ALL_EDGES	1	16799
389	274	184	3159	448	18	14	ALL_EDGES	3	8040
299	254	244	2590	304	0	0	FULL	2	29779
312	258	155	850	250	0	0	FULL	1	28129
398	277	132	7844	1135	15	17	FULL	1	27462
331	264	189	10114	919	0	0	FULL	1	13070
242	160	401	9501	1708	0	0	FULL	2	8633
329	270	185	11401	2000	0	0	FULL	2	32612
305	254	239	14874	2000	5	8	FULL	2	27712
427	285	127	3146	516	0	0	FULL	1	12666
402	244	158	1565	382	35	38	FULL	1	17561
323	265	157	8721	1244	0	0	ALL_EDGES	1	20473
333	236	198	3084	520	0	0	FULL	1	28555
389	199	201	10292	2000	0	0	FULL	2	12420
300	241	255	15447	2000	0	0	FULL	1	29803
338	192	284	1202	326	30	29	FULL	1	21273
424	242	180	777	298	0	0	FULL	2	20196
287	219	247	13020	2600	0	0	FULL	2	25207
271	207	294	15411	2000	0	0	FULL	3	31816
365	243	163	9004	2000	13	9	FULL	3	957
350	241	208	12390	2000	0	0	FULL	1	4621
390	345	122	3877	1037	0	0	FULL	1	20262
337	250	220	13671	2000	0	0	FULL	2	22747
426	255	161	4077	1029	17	16	FULL	1	540
298	223	294	17433	2000	0	0	FULL	2	11973
282	224	198	9562	2000	0	0	FULL	1	15782
411	210	179	9532	1180	18	16	FULL	1	25814
403	211	183	9687	2000	0	0	FULL	1	30405
