217	162	127	3168	2000	0	0	FULL	2	20635
298	231	138	5985	1569	0	0	FULL	3	15568
342	232	146	6992	1185	0	0	FULL	1	11080
187	146	163	3802	2000	21	20	FULL	3	27690
224	163	150	676	250	42	39	FULL	1	5299
278	184	167	6043	1229	23	23	ALL_EDGES	1	11175
242	197	158	855	250	38	38	FULL	1	22346
402	247	85	3748	987	0	0	FULL	3	9151
297	202	125	4530	887	0	0	FULL	2	16257
371	245	115	5512	1073	0	0	FULL	2	19867
277	215	160	1102	250	0	0	FULL	5	20287
253	174	79	1848	867	0	0	FULL	1	6393
175	137	188	4185	1326	20	22	FULL	2	28486
317	188	143	1912	250	0	0	FULL	2	30490
239	154	123	1314	632	0	0	FULL	3	23484
255	199	147	5235	2000	24	31	FULL	1	28786
277	214	176	2079	508	25	25	ALL_EDGES	1	1363
255	151	313	1332	620	0	0	FULL	1	27864
316	265	138	7061	1179	0	0	FULL	1	11064
249	181	100	2655	1202	5	6	FULL	2	5229
258	200	185	7324	2000	0	0	FULL	1	14492
318	215	124	4964	1171	0	0	FULL	1	29324
327	167	156	5440	2000	13	13	FULL	2	12963
358	277	116	6164	1108	10	11	FULL	4	1039
358	212	151	6969	897	1	1	FULL	1	22291
202	137	163	3663	2000	0	0	FULL	2	4274
232	170	140	682	403	0	0	FULL	1	6431
251	198	111	1083	507	10	6	FULL	1	4318
385	235	94	2490	250	13	14	FULL	2	5321
331	224	127	5510	1179	5	4	FULL	1	16235
227	207	180	6868	2000	26	23	FULL	6	3715
369	226	102	4233	1086	0	0	FULL	2	31263
279	173	155	5152	2000	0	0	FULL	2	16958
280	202	133	2445	1359	14	18	FULL	1	24338
279	220	139	1598	490	9	8	FULL	1	721
190	151	158	3717	2000	26	29	FULL	2	22994
286	305	86	1560	925	10	3	ALL_EDGES	1	11656
293	240	107	4237	1522	10	15	FULL	5	16733
239	214	187	7628	1222	26	24	FULL	1	886
315	264	102	918	382	0	0	FULL	2	21509
278	165	76	1736	1083	0	0	ALL_EDGES	1	626
290	160	204	2156	818	0	0	FULL	2	28181
212	202	105	2925	2000	17	24	FULL	1	14575
259	181	118	830	576	0	0	FULL	2	20018
236	171	211	7259	2000	0	0	ALL_EDGES	3	18870
233	210	133	4517	2000	8	10	FULL	6	30862
283	241	140	6175	2000	0	0	FULL	2	8989
208	152	267	901	250	23	26	FULL	1	26936
281	262	157	1219	585	22	26	FULL	1	10239
340	185	167	6814	1314	11	13	ALL_EDGES	1	15443
291	191	99	3008	1154	31	31	FULL	1	17346
313	215	170	1449	506	45	50	FULL	2	3774
241	155	120	927	947	0	0	FULL	2	19885
321	238	150	7279	1432	16	16	FULL	2	14160
281	221	136	5482	1172	0	0	FULL	1	567
262	209	136	4995	2000	19	21	FULL	2	20032
255	164	274	1368	425	24	28	FULL	1	29169
242	126	342	2667	250	0	0	FULL	4	13875
286	185	179	6887	2000	0	0	FULL	2	18301
248	185	251	6279	1061	26	32	FULL	1	3883
403	298	88	4683	993	0	0	FULL	1	15374
278	214	126	4687	2000	14	16	FULL	3	25545
243	199	175	6579	2000	0	0	FULL	4	4103
234	179	202	7148	634	0	0	FULL	1	23028
226	196	101	2799	1195	4	8	FULL	3	27530
298	229	169	1322	404	38	44	FULL	1	16728
327	170	136	4500	2000	15	17	FULL	1	2210
313	232	159	7567	2000	0	0	FULL	2	30495
276	214	162	6688	2000	0	0	FULL	2	5596
287	220	135	5397	2000	0	0	FULL	2	21898
315	226	161	7590	2000	0	0	FULL	2	26510
250	191	178	6545	2000	0	0	FULL	2	24484
331	186	154	1434	434	6	4	FULL	2	26797
339	194	115	4102	2000	0	0	FULL	4	3169
311	179	153	5516	820	16	16	FULL	1	23199
470	163	150	2645	534	0	0	FULL	2	15334
311	202	152	6137	2000	0	0	FULL	2	2739
278	205	184	7812	2000	0	0	ALL_EDGES	3	28438
266	208	136	4957	2000	19	23	FULL	1	25229
221	154	220	1222	250	0	0	FULL	2	19357
302	217	115	4320	888	7	18	FULL	5	11050
453	195	131	5842	1054	12	17	FULL	2	28459
282	168	200	7296	2000	0	0	FULL	1	1969
256	173	214	1681	476	0	0	ALL_EDGES	2	29606
262	210	82	1908	250	16	12	FULL	1	1374
250	169	225	532	428	29	36	FULL	9	2679
327	210	109	2535	250	0	0	FULL	2	2040
284	209	143	1963	552	11	21	FULL	2	12328
227	109	343	9248	2000	37	43	FULL	1	3718
213	159	191	5564	1296	0	0	FULL	1	7095
273	77	354	7597	2000	0	0	FULL	1	11033
268	179	199	921	555	0	0	ALL_EDGES	1	32264
323	210	155	2835	462	18	22	FULL	1	2593
361	176	118	2025	1143	13	17	FULL	2	24791
298	189	133	4650	2000	17	15	FULL	1	26968
260	201	105	3261	1193	18	21	FULL	4	21868
246	170	204	7012	2000	0	0	FULL	3	3549
279	137	222	6876	2000	23	27	FULL	1	28446
296	230	124	1615	528	0	0	FULL	2	11002
247	189	160	5527	2000	30	33	FULL	1	11437
306	186	185	619	250	0	0	FULL	2	16633
230	174	187	960	425	0	0	FULL	1	24050
172	101	316	918	632	7	10	ALL_EDGES	2	23563
210	179	305	5094	1621	22	24	FULL	2	11453
401	290	99	5439	1035	0	0	FULL	3	30588
313	224	150	6730	2000	0	0	FULL	1	20137
342	198	156	6583	2000	0	0	FULL	1	29407
308	205	166	525	411	0	0	FULL	2	12289
264	229	140	5712	2057	0	0	FULL	3	23885
310	156	176	5890	2000	8	13	FULL	1	18952
257	205	85	1345	1019	0	0	FULL	2	6041
409	281	91	4746	1020	0	0	FULL	2	1066
346	205	162	1092	250	0	0	FULL	4	31778
322	231	101	3960	1132	0	0	FULL	5	15423
283	213	125	1027	250	0	0	FULL	6	30026
279	232	178	299	250	0	0	FULL	3	2778
255	209	179	7258	2000	0	0	FULL	2	654
317	202	179	7958	1171	0	0	FULL	1	32360
273	186	206	8295	2000	0	0	FULL	1	16053
203	123	180	589	250	0	0	FULL	1	12997
331	213	135	5671	1149	0	0	ALL_EDGES	2	8421
286	185	123	3971	1176	0	0	FULL	2	11340
362	243	97	969	250	38	41	FULL	1	24594
389	216	143	2208	250	16	16	FULL	3	32652
307	205	167	7129	2000	0	0	FULL	1	5939
218	144	207	2041	1264	0	0	FULL	2	31554
292	187	156	5720	2000	0	0	FULL	1	18198
262	217	203	9200	2000	21	22	ALL_EDGES	1	26928
352	173	189	7774	2000	0	0	FULL	3	14664
322	237	125	2831	647	18	18	FULL	2	19607
226	216	152	900	250	0	0	FULL	1	162
303	233	170	8268	869	24	24	FULL	1	11548
257	219	133	4980	2000	0	0	FULL	3	6221
311	219	169	7820	2000	45	50	FULL	1	27384
360	185	142	5576	1175	8	15	FULL	1	19924
209	183	118	3114	2000	21	20	FULL	2	31610
291	169	153	5017	2000	0	0	FULL	1	19571
360	230	102	1895	791	11	6	FULL	3	12177
276	233	164	7434	2000	0	0	FULL	1	9158
345	250	111	5063	1115	0	0	FULL	2	12580
228	177	186	6142	2000	31	27	FULL	2	21280
257	234	158	6830	1221	0	0	FULL	2	22673
201	158	299	1235	420	3	1	ALL_EDGES	1	25196
269	235	135	5567	2000	33	35	FULL	4	8275
329	276	104	5035	1079	0	0	FULL	3	25906
311	202	151	6127	2000	0	0	FULL	1	17527
282	179	109	3201	883	29	28	FULL	2	28610
330	258	100	4411	1099	13	12	FULL	3	19858
351	176	121	4132	838	8	10	FULL	4	24305
349	283	107	787	482	31	26	ALL_EDGES	1	4308
268	213	114	3945	1184	11	11	FULL	1	22307
271	212	96	979	644	0	0	ALL_EDGES	6	23626
240	144	217	2610	1377	0	0	FULL	1	1631
253	142	181	5018	1928	14	14	FULL	2	25317
413	290	88	4641	998	0	0	ALL_EDGES	1	4474
266	181	219	661	319	0	0	FULL	6	24190
411	213	120	1113	590	36	33	FULL	2	20907
266	208	135	4950	2000	3	3	FULL	1	8152
347	253	85	2152	981	13	10	FULL	3	8793
222	180	113	1188	1101	13	20	FULL	2	17660
276	227	135	3043	250	0	0	FULL	2	22496
338	163	154	5321	2000	0	0	FULL	12	16259
198	180	154	429	489	32	35	FULL	3	29375
320	219	149	1354	250	0	0	FULL	2	15530
274	215	194	8832	2000	10	13	FULL	4	3874
257	175	190	6647	2000	10	14	FULL	5	7091
332	265	97	4335	838	18	16	FULL	2	24172
363	159	199	7854	2000	22	26	FULL	4	24469
277	264	89	3464	845	14	15	FULL	2	14101
288	208	125	4605	2000	0	0	FULL	1	30951
308	273	89	3810	829	0	0	FULL	1	1249
258	238	171	7812	2000	0	0	FULL	1	20221
237	188	191	6927	2000	0	0	FULL	3	12608
283	199	151	612	250	0	0	FULL	1	534
249	234	94	3162	1173	0	0	FULL	2	13075
364	250	127	6359	1115	0	0	FULL	7	4584
240	188	189	6851	1332	0	0	FULL	2	22202
407	212	64	924	815	17	18	FULL	1	27340
318	218	108	4102	1154	0	0	FULL	3	27760
271	188	128	4140	2000	0	0	FULL	2	22133
219	134	152	1030	250	25	24	FULL	2	20644
435	305	90	5244	972	0	0	FULL	2	18326
297	177	86	2290	1110	0	0	FULL	3	10129
266	197	161	1572	684	0	0	FULL	1	30101
272	225	73	1201	606	13	10	FULL	1	11555
243	210	224	9970	2000	27	33	FULL	2	12921
335	220	156	1460	668	0	0	FULL	3	13766
272	281	111	2779	647	14	17	FULL	4	18689
262	181	242	9982	2000	25	27	FULL	1	14086
265	189	151	5205	2000	6	8	FULL	4	3559
325	208	155	4494	812	16	17	FULL	1	8988
288	209	192	8590	2000	0	0	FULL	3	19926
322	214	124	4921	872	0	0	FULL	5	31361
212	132	196	4768	2000	0	0	FULL	3	18439
240	144	304	724	457	0	0	FULL	1	8675
204	184	94	994	629	0	0	FULL	1	15224
308	224	174	168	534	21	29	FULL	2	14963
256	126	234	375	267	29	32	FULL	1	6200
250	177	168	5625	2000	31	29	FULL	6	17975
260	179	246	1667	250	5	10	FULL	3	14209
367	172	150	2707	624	0	0	FULL	2	10780
302	142	222	2508	1090	0	0	FULL	3	32601
277	234	147	6374	2000	0	0	FULL	1	1803
388	231	118	2089	250	10	11	ALL_EDGES	3	18192
333	190	182	3588	250	19	13	FULL	2	9936
442	252	103	5301	1042	17	18	ALL_EDGES	4	22530
187	171	110	294	488	26	25	FULL	1	10927
294	202	143	3595	250	0	0	FULL	1	3191
276	156	267	10189	2000	25	20	FULL	2	10568
240	218	219	9924	2000	0	0	FULL	1	12901
305	282	122	6205	888	9	7	FULL	4	20730
274	200	192	903	520	0	0	FULL	1	114
356	236	125	5827	1106	0	0	FULL	2	10970
247	182	144	4563	2000	10	9	FULL	5	11929
408	276	106	2928	1035	0	0	FULL	7	18560
258	177	187	6596	2000	0	0	FULL	3	21824
233	166	195	6210	2000	20	23	FULL	1	9774
223	166	122	769	642	0	0	FULL	3	14881
286	196	206	828	343	0	0	FULL	1	2078
233	212	171	6638	2000	0	0	ALL_EDGES	6	24654
300	205	187	8326	2000	0	0	FULL	3	22551
311	221	153	2961	1208	13	10	FULL	1	26078
240	132	174	4268	2000	24	25	ALL_EDGES	1	23193
260	213	117	4049	2000	15	13	FULL	2	10050
320	211	185	8737	2000	22	23	FULL	2	6894
462	287	94	2812	973	16	16	FULL	4	15512
322	162	241	9850	2000	25	22	FULL	1	27813
497	285	116	7606	1021	0	0	FULL	5	6336
428	280	162	4524	794	0	0	ALL_EDGES	1	22855
310	200	233	11440	2000	0	0	FULL	1	16524
362	254	168	2340	735	0	0	FULL	1	10126
312	258	230	14448	1250	22	28	FULL	2	19828
303	213	270	14927	2000	0	0	FULL	1	22090
490	358	88	6339	1921	0	0	ALL_EDGES	2	4520
351	257	139	3212	586	0	0	FULL	2	3760
335	276	178	11104	2600	0	0	FULL	1	22007
357	278	186	12339	2000	0	0	FULL	1	23404
241	185	303	13486	2000	24	28	FULL	2	16163
464	313	100	4509	1267	0	0	FULL	2	30227
328	213	221	11625	2000	34	28	FULL	4	25056
429	329	138	10413	871	0	0	FULL	2	8626
390	252	188	11914	2000	13	15	FULL	3	30742
356	263	197	3607	250	0	0	FULL	1	14102
381	333	98	6037	837	12	12	FULL	3	21681
353	247	167	9236	2600	11	9	FULL	1	29235
297	216	257	924	412	29	29	FULL	4	24164
265	229	221	1296	379	0	0	ALL_EDGES	3	21797
349	241	184	1488	404	0	0	FULL	1	29932
367	192	220	11020	2000	22	28	FULL	2	7701
400	270	144	8726	1125	0	0	ALL_EDGES	1	9593
371	231	180	4154	250	13	16	FULL	3	23323
368	213	210	11467	2000	0	0	FULL	2	15870
317	218	223	11857	2000	0	0	FULL	1	28820
379	254	182	11235	2000	13	14	ALL_EDGES	1	14346
413	274	138	8416	876	0	0	FULL	1	28647
352	324	110	2450	496	10	13	FULL	2	7818
421	280	123	3146	973	11	18	FULL	3	31061
440	277	164	5840	250	0	0	FULL	2	14253
348	301	176	12173	2000	0	0	FULL	1	20292
364	209	164	4237	695	16	20	ALL_EDGES	1	21346
383	235	173	9672	2000	0	0	FULL	1	17192
337	186	311	1599	505	32	32	FULL	4	21407
294	260	215	12870	2000	13	13	FULL	2	27804
465	304	110	2170	554	0	0	FULL	5	9666
327	230	219	12358	2000	29	29	FULL	4	10980
402	266	182	12187	2000	4	8	FULL	2	10712
323	210	184	1600	647	0	0	FULL	1	13997
352	224	159	1900	568	6	7	ALL_EDGES	1	8590
255	232	229	2227	630	0	0	FULL	1	11109
401	260	120	6462	817	14	19	FULL	2	16027
322	209	185	1075	526	0	0	FULL	1	9568
378	200	205	10509	2000	0	0	FULL	2	18499
307	208	242	12508	2000	0	0	FULL	2	26468
266	210	224	10387	2000	0	0	FULL	1	27257
464	306	110	7176	799	0	0	FULL	1	26731
375	228	205	1925	442	0	0	FULL	1	15708
356	298	156	8035	338	0	0	ALL_EDGES	1	15778
446	328	133	10081	817	9	6	FULL	2	26399
353	217	229	1977	615	0	0	FULL	1	27351
312	281	143	6750	1207	0	0	FULL	1	3788
358	298	154	10081	1212	0	0	FULL	5	31609
334	290	160	9935	2000	16	15	ALL_EDGES	1	27597
298	247	225	13035	2000	0	0	FULL	10	23172
310	201	266	13827	2000	0	0	FULL	2	4980
348	213	236	2012	250	38	40	FULL	3	7094
281	167	311	13673	2000	0	0	FULL	1	10493
331	174	269	697	376	29	27	FULL	1	2071
407	303	150	3200	801	0	0	FULL	2	2857
387	205	157	7425	1158	14	11	FULL	1	11667
381	255	159	9331	913	0	0	FULL	1	4467
416	224	167	9160	1190	10	13	ALL_EDGES	2	30531
271	205	296	15460	1342	26	24	FULL	4	20512
349	243	194	11335	2000	0	0	ALL_EDGES	1	3854
255	214	247	11974	2000	0	0	FULL	1	30893
289	184	347	18093	2000	0	0	FULL	1	13380
431	336	107	7362	1069	0	0	FULL	1	9919
296	291	180	11082	2000	32	38	FULL	2	26290
418	191	156	7137	1158	16	18	FULL	2	28209
274	244	203	10584	2000	25	21	ALL_EDGES	4	27857
422	221	188	3867	784	0	0	FULL	6	1445
303	302	159	2117	739	0	0	CORNERS	1	23987
289	228	220	11513	2000	3	6	FULL	1	18411
326	252	152	7912	2000	0	0	FULL	4	26647
344	242	186	10509	2000	20	26	FULL	1	26184
316	267	161	621	250	19	20	FULL	3	13203
368	265	149	8613	1146	11	17	FULL	3	13738
366	224	225	1794	369	0	0	FULL	2	12051
304	201	302	1443	250	0	0	FULL	4	23975
509	415	93	8014	250	16	17	FULL	2	71
262	183	261	11237	2000	27	29	FULL	1	18081
481	329	92	6090	584	16	13	FULL	1	21730
394	228	151	2106	744	6	15	FULL	1	25615
261	222	267	14089	2000	0	0	FULL	2	32621
381	281	145	8928	1186	8	14	FULL	1	20028
350	290	123	6950	1152	8	8	FULL	1	18958
398	304	136	3102	875	0	0	FULL	1	8023
283	204	235	11137	2000	8	14	FULL	1	14292
374	252	133	6987	1144	0	0	FULL	1	27635
490	281	127	4760	618	13	11	FULL	2	27819
411	268	168	2442	250	0	0	FULL	3	8022
412	252	150	8757	864	14	21	ALL_EDGES	2	6220
301	251	219	12837	2000	0	0	FULL	2	17328
429	275	140	3052	496	0	0	ALL_EDGES	1	30445
382	264	183	3533	485	19	20	FULL	2	20254
321	206	266	14437	2000	31	29	FULL	1	28437
384	199	177	8505	1662	0	0	FULL	1	5193
523	262	135	8935	829	18	18	FULL	1	3494
330	225	168	8250	2000	0	0	FULL	1	28340
416	260	162	10202	883	15	11	FULL	4	18165
343	250	193	11401	2000	0	0	FULL	1	1584
297	247	224	13035	2000	26	27	ALL_EDGES	1	13908
367	241	165	9019	2000	0	0	FULL	2	12794
284	256	254	15817	1269	27	29	FULL	2	29131
338	272	190	12075	1231	30	32	FULL	2	23743
342	240	238	3315	250	0	0	FULL	5	19261
249	147	369	3483	577	0	0	FULL	2	5113
478	241	161	4773	879	0	0	FULL	1	12499
341	241	165	8694	2600	18	20	FULL	2	4800
340	190	226	10802	2600	0	0	FULL	3	21062
417	237	167	9751	1143	0	0	FULL	5	137
333	254	171	9613	2000	31	29	FULL	2	27923
443	349	126	9828	1104	0	0	FULL	2	1990
394	271	145	2960	851	0	0	FULL	2	32425
321	264	183	10757	2000	36	37	FULL	2	18579
321	256	164	1039	342	0	0	FULL	1	9363
364	304	122	2551	852	0	0	ALL_EDGES	1	12812
356	232	175	1464	427	35	35	FULL	1	26501
472	307	114	4917	250	14	14	FULL	4	24132
394	184	255	13634	2000	0	0	FULL	1	122
496	260	151	2535	420	1	0	FULL	1	31584
381	201	203	10431	2000	0	0	ALL_EDGES	4	19386
260	192	289	13688	1345	0	0	ALL_EDGES	1	7439
337	196	281	1406	345	28	33	FULL	2	7151
450	263	165	11056	1141	8	9	FULL	1	18283
536	377	91	7381	557	0	0	FULL	2	8719
398	206	165	8100	1188	0	0	FULL	4	20577
442	270	155	2164	617	39	42	ALL_EDGES	1	17551
394	307	128	8323	1131	9	10	FULL	1	18352
330	246	166	8856	2423	0	0	FULL	1	25303
319	230	185	2457	250	21	14	FULL	2	4307
436	270	170	3580	484	8	5	FULL	5	5102
466	251	158	10138	1109	9	7	ALL_EDGES	1	7385
357	291	169	11165	2000	18	21	FULL	5	4316
331	263	212	13560	2000	31	34	FULL	1	1143
337	248	162	8680	2000	0	0	FULL	3	735
357	244	178	10137	2000	0	0	FULL	1	28448
440	212	166	8912	1184	0	0	FULL	2	3851
439	247	125	1876	709	4	2	FULL	2	7280
364	221	168	8505	2000	16	13	FULL	2	30297
336	214	188	9301	2000	0	0	FULL	1	6549
454	219	156	8525	1157	0	0	FULL	11	26102
483	316	121	5698	1013	0	0	FULL	2	15243
378	169	259	12474	2000	0	0	FULL	5	2182
388	239	167	9455	909	16	15	FULL	2	29862
328	163	328	8715	1478	0	0	FULL	9	18337
246	165	330	2227	471	0	0	FULL	7	26157
396	231	170	9455	1211	7	9	FULL	1	22349
337	296	155	3208	749	10	8	FULL	1	6221
243	192	266	11725	2000	0	0	FULL	1	32647
348	188	299	16341	2000	26	32	FULL	2	2956
335	200	232	11764	2000	0	0	FULL	1	13102
453	259	149	9450	1134	11	15	FULL	2	6457
368	282	121	3325	1096	0	0	FULL	4	23106
369	239	187	10840	2000	17	22	FULL	1	21258
372	270	164	2607	781	0	0	FULL	1	7116
351	226	220	12687	1248	30	33	FULL	1	9
396	272	172	11340	1166	0	0	FULL	1	3313
348	211	184	9045	2000	33	36	FULL	3	24024
365	216	171	8559	2000	17	15	FULL	2	25487
262	250	190	4012	250	0	0	FULL	2	24986
473	327	87	5589	1082	0	0	FULL	2	23954
226	174	368	6974	1651	0	0	FULL	1	8035
361	230	174	9338	2000	9	10	FULL	1	9631
298	187	224	9850	2000	0	0	ALL_EDGES	5	21862
414	270	139	8447	1106	0	0	FULL	1	19203
395	193	177	8383	2000	0	0	FULL	6	10058
374	229	192	10939	2000	0	0	FULL	1	32052
368	299	141	8974	1143	9	8	FULL	2	12253
321	306	167	3745	531	0	0	FULL	2	22569
329	218	203	10440	2000	29	29	FULL	3	31853
344	223	188	2392	631	0	0	ALL_EDGES	2	20669
411	223	147	3213	1034	0	0	FULL	1	32759
356	311	141	9098	1174	0	0	FULL	1	32195
357	263	155	8888	1166	15	19	FULL	1	32475
424	274	168	11466	1199	6	6	FULL	1	23267
392	258	124	6612	1089	0	0	FULL	2	13504
389	237	179	10395	2000	0	0	FULL	1	6650
306	206	231	11455	2000	0	0	FULL	1	6079
360	216	200	10633	2000	32	31	FULL	1	23211
358	220	247	14800	654	24	24	FULL	3	12262
321	244	159	8137	2000	18	21	FULL	3	18470
285	223	229	11803	2000	31	33	FULL	5	14054
245	234	234	3942	1230	0	0	FULL	1	370
390	275	182	2671	250	0	0	FULL	1	27040
331	205	258	7490	1431	0	0	FULL	8	2608
344	164	309	1540	250	0	0	FULL	6	23411
324	152	254	10050	2000	33	34	FULL	2	9613
377	284	136	8163	1160	14	20	FULL	1	5307
299	262	198	11547	2000	0	0	FULL	3	29377
393	207	179	8584	1228	0	0	FULL	2	790
287	171	275	7992	1418	34	41	FULL	3	19990
394	286	137	8587	1128	0	0	FULL	3	772
284	152	407	18567	2000	0	0	FULL	4	18257
264	171	277	2112	250	27	24	FULL	5	9412
361	279	124	1787	250	5	3	FULL	2	4811
376	305	127	7902	324	0	0	FULL	1	25126
411	257	147	8695	870	0	0	FULL	2	16712
418	207	179	2402	595	17	18	ALL_EDGES	3	11305
308	267	164	2092	773	0	0	FULL	4	22023
365	269	189	4680	250	0	0	FULL	1	8028
443	270	146	9450	1145	0	0	FULL	1	24964
386	227	176	2449	443	0	0	FULL	1	7577
366	290	118	6687	1106	40	42	FULL	3	5055
323	222	175	1275	579	20	19	FULL	1	17369
416	422	88	6835	1017	0	0	ALL_EDGES	1	16207
380	210	181	9280	2000	6	4	FULL	2	24538
374	298	157	2940	627	0	0	ALL_EDGES	6	20617
339	256	224	14508	2000	0	0	FULL	2	3194
308	190	214	9500	2000	0	0	FULL	1	32640
348	223	239	1443	354	31	31	FULL	4	28414
347	302	119	2175	827	35	35	FULL	3	3246
296	201	227	10759	1269	0	0	FULL	1	32528
351	246	191	11220	2000	0	0	FULL	1	10958
317	179	237	10624	2000	0	0	ALL_EDGES	5	18741
319	279	141	7712	2000	0	0	FULL	2	12104
352	218	242	1683	250	33	38	FULL	1	12416
304	184	315	15995	2000	24	28	FULL	1	1154
512	352	70	4487	351	18	24	ALL_EDGES	1	26761
333	194	209	9801	673	41	41	FULL	3	16639
334	305	153	2557	805	0	0	FULL	3	28215
347	273	153	3248	786	11	7	FULL	1	3268
420	323	122	8415	855	10	10	FULL	5	13555
327	264	179	10555	2000	24	33	FULL	5	10686
308	173	235	787	433	30	34	FULL	1	31132
429	265	136	8215	1134	9	14	FULL	4	25237
326	138	278	10437	2000	25	21	FULL	2	24001
374	261	138	7695	1144	15	19	FULL	5	22036
282	252	190	10138	2600	0	0	FULL	3	21230
357	241	216	13209	2000	0	0	FULL	2	26630
374	203	204	10555	1226	0	0	FULL	1	27399
410	202	150	7087	2000	11	16	FULL	1	18991
322	250	192	11005	2000	0	0	FULL	1	13251
335	169	221	9300	2000	25	23	FULL	4	19699
346	213	265	15522	2000	30	37	FULL	5	14572
303	235	175	8750	1175	0	0	FULL	2	16858
304	201	285	3587	730	0	0	FULL	1	31226
430	313	123	4125	571	0	0	FULL	4	19075
336	245	151	1037	358	0	0	FULL	3	7127
406	309	108	837	324	0	0	FULL	1	23151
407	263	163	10342	1156	0	0	FULL	1	9764
338	292	126	7150	1147	0	0	FULL	2	24275
349	333	134	3084	250	0	0	FULL	2	14193
402	262	176	11396	903	11	16	FULL	4	24437
385	293	146	1468	529	33	33	ALL_EDGES	4	29855
398	202	181	9077	2000	0	0	FULL	2	20557
354	257	213	13903	2000	0	0	FULL	2	743
377	259	138	7668	1142	0	0	FULL	5	11753
402	228	181	10279	2061	25	25	FULL	1	21188
318	246	172	9139	2000	0	0	FULL	13	17504
341	261	219	14293	914	0	0	FULL	2	28418
461	226	129	6763	808	0	0	FULL	2	23426
273	281	215	13299	2000	22	23	FULL	2	31608
337	283	184	367	256	19	22	FULL	2	8090
327	236	200	11129	2000	0	0	FULL	2	21926
377	227	181	9935	2000	2	3	FULL	1	4917
353	195	268	2201	250	0	0	ALL_EDGES	2	3793
345	233	168	8721	2000	0	0	FULL	1	18245
349	276	161	4603	982	27	32	FULL	1	6821
386	230	186	2623	587	28	27	FULL	4	5109
349	193	185	8400	2000	24	27	FULL	1	8647
363	284	160	10180	2000	0	0	FULL	3	24660
314	174	248	931	250	0	0	FULL	2	30084
347	255	141	7425	1171	0	0	FULL	1	2724
411	310	129	8728	1100	0	0	FULL	1	3589
463	333	120	8935	1079	12	20	FULL	1	7604
290	250	185	796	1027	26	34	ALL_EDGES	2	27484
278	191	375	1480	343	0	0	FULL	1	31324
396	324	113	1087	343	15	22	FULL	4	32385
460	243	130	7293	1103	0	0	FULL	1	26577
344	202	195	9342	2000	0	0	FULL	5	13025
337	267	150	8370	2259	41	38	FULL	2	26150
327	185	288	2905	250	0	0	ALL_EDGES	1	7949
415	259	136	7801	1121	13	11	FULL	1	10772
364	287	177	11951	2000	0	0	FULL	1	29085
349	191	188	8462	2000	0	0	FULL	2	4156
535	426	77	2922	611	30	28	FULL	1	3648
378	253	162	2247	571	5	7	FULL	2	2704
356	243	145	1275	578	35	34	FULL	3	19393
281	223	200	9625	2000	0	0	FULL	1	28233
336	296	146	1812	404	15	12	FULL	1	23789
217	194	295	12950	2000	0	0	FULL	1	20838
327	261	159	8721	2341	3	7	FULL	4	6173
229	186	316	945	338	22	23	ALL_EDGES	1	21278
246	163	310	2212	847	0	0	FULL	2	22234
430	289	132	8629	1082	0	0	ALL_EDGES	4	27164
354	208	184	8977	2000	0	0	FULL	1	10487
329	236	173	9045	2000	0	0	FULL	5	14166
292	251	184	9814	2600	0	0	ALL_EDGES	2	5056
282	238	230	5316	250	27	32	FULL	2	29051
338	217	267	15736	2000	0	0	FULL	1	10881
319	203	208	9976	2473	31	31	ALL_EDGES	1	50
405	296	146	9852	1148	0	0	FULL	2	27978
341	269	218	14660	1979	0	0	ALL_EDGES	1	11116
388	167	238	11144	2000	38	38	FULL	2	4377
399	269	181	12207	1162	4	2	FULL	3	3087
344	221	164	8000	858	0	0	FULL	1	27407
468	400	99	8140	2000	0	0	FULL	2	9883
359	324	133	8850	850	35	31	FULL	2	14038
328	211	180	8537	2000	0	0	ALL_EDGES	2	20607
428	314	145	10666	853	36	39	ALL_EDGES	1	985
385	201	239	6031	306	0	0	FULL	1	21163
281	163	359	16615	1799	24	24	FULL	2	28647
415	237	127	6525	837	0	0	FULL	1	31868
347	213	251	5272	630	0	0	FULL	2	9650
409	235	203	12714	2000	0	0	FULL	1	16977
323	171	226	9550	847	0	0	FULL	1	23583
428	298	122	7812	1061	0	0	FULL	2	8808
361	185	246	12457	1263	0	0	FULL	1	21167
355	326	134	8928	897	0	0	FULL	4	9450
359	196	248	13282	2000	36	35	FULL	6	7264
424	188	194	1488	364	34	40	ALL_EDGES	3	13665
427	300	137	9327	827	10	15	FULL	1	13146
429	302	154	3820	675	9	5	FULL	2	12217
283	205	215	9900	2000	0	0	FULL	6	6862
412	283	133	8292	2062	0	0	FULL	2	15558
279	163	340	15267	2000	0	0	FULL	4	14466
377	244	191	6300	1165	0	0	FULL	4	17743
325	193	216	1107	250	0	0	FULL	2	5241
330	298	138	1107	364	0	0	FULL	3	8248
278	194	250	1552	475	0	0	FULL	2	25526
294	205	256	2852	829	0	0	FULL	2	27342
297	226	230	12400	1221	0	0	ALL_EDGES	2	12876
281	212	210	9837	1346	0	0	FULL	1	939
330	260	180	1612	596	0	0	FULL	3	3808
400	198	208	10989	2000	0	0	ALL_EDGES	1	1583
393	268	147	8881	869	0	0	FULL	4	18670
428	250	154	2590	606	0	0	FULL	2	25412
401	321	143	3644	250	10	10	FULL	4	31065
359	319	170	3763	884	17	21	FULL	3	26550
427	230	168	3432	250	10	8	FULL	2	13421
341	288	168	10725	2000	0	0	CORNERS	3	5493
294	206	239	11846	2000	36	40	ALL_EDGES	2	20166
419	248	149	8680	2000	11	14	FULL	3	18405
332	218	172	2437	715	0	0	FULL	1	28489
383	317	128	8416	842	0	0	FULL	1	1985
314	244	163	8325	2000	0	0	FULL	1	15565
390	202	209	11137	2000	0	0	FULL	2	20292
348	251	178	10245	2000	0	0	ALL_EDGES	5	7617
346	290	124	7025	1159	41	40	FULL	2	31350
394	264	140	8091	1143	0	0	FULL	1	8858
360	275	126	6950	1152	6	12	FULL	2	32121
373	320	138	3118	698	0	0	FULL	1	19755
431	267	144	8959	1093	0	0	FULL	1	4505
413	228	164	9129	1189	0	0	ALL_EDGES	3	2501
318	198	214	715	402	29	35	ALL_EDGES	2	27691
250	178	302	2484	682	0	0	FULL	2	19870
325	175	255	2073	250	0	0	FULL	2	24342
318	158	249	10037	2000	4	4	FULL	2	21256
472	324	101	6866	990	0	0	FULL	2	20003
413	322	117	7812	834	0	0	FULL	1	28316
378	205	200	10416	2000	0	0	FULL	2	1154
393	256	144	8207	1175	0	0	FULL	2	16401
421	349	132	10296	1077	0	0	FULL	1	17305
236	268	212	3928	367	0	0	ALL_EDGES	1	28773
303	234	276	16789	1298	0	0	FULL	3	29476
482	327	117	5383	250	13	13	FULL	4	16396
327	288	186	3325	1072	0	0	FULL	1	14609
440	342	130	10003	1104	14	21	FULL	2	2731
236	191	300	13554	2000	24	22	FULL	2	3512
494	272	145	5713	1195	0	0	FULL	1	23642
361	260	165	9734	2000	0	0	FULL	1	25362
333	236	236	14208	2000	0	0	FULL	1	14008
383	339	127	8943	867	0	0	FULL	1	9765
279	289	155	1325	598	0	0	FULL	6	4407
354	215	164	7887	2000	0	0	FULL	1	28059
300	211	197	9262	2000	20	26	FULL	4	11295
283	198	359	20060	1342	0	0	FULL	1	32210
396	218	179	9687	2000	0	0	ALL_EDGES	4	9717
311	240	167	1212	380	0	0	FULL	1	6275
297	248	224	13035	1267	0	0	FULL	3	8091
308	217	247	13414	1264	0	0	FULL	1	19426
490	197	160	8339	1087	0	0	ALL_EDGES	2	23814
307	231	246	1820	445	0	0	FULL	1	6576
397	301	146	2800	250	7	4	FULL	2	3395
396	275	115	6362	1066	0	0	FULL	1	7086
397	255	183	11636	2000	0	0	ALL_EDGES	1	9621
293	215	277	15347	2000	28	23	FULL	3	6280
662	304	87	3622	250	18	27	FULL	1	13316
325	263	169	9657	2000	19	21	FULL	1	8102
388	157	205	8375	2000	34	36	FULL	1	17704
409	237	140	3456	590	0	0	FULL	3	19497
337	265	173	10261	2000	0	0	FULL	1	402
401	335	145	10978	358	0	0	FULL	6	17205
325	281	214	14469	2000	23	25	FULL	2	20927
372	271	144	3001	516	0	0	FULL	1	24132
235	133	397	14312	2000	0	0	FULL	6	13663
335	258	179	2883	834	9	9	FULL	2	4054
408	330	138	10101	835	44	49	FULL	1	30510
381	240	180	10510	2000	17	21	FULL	4	6226
270	264	216	4123	506	22	26	FULL	2	19532
337	226	217	12127	2000	23	21	FULL	1	1692
339	167	256	11469	2000	28	34	FULL	1	20589
351	280	199	4524	250	11	14	FULL	2	21648
489	299	86	5050	626	0	0	FULL	2	24735
456	362	100	7392	2000	0	0	FULL	1	13842
295	201	229	10813	1895	32	32	FULL	1	13994
402	291	141	9174	1117	0	0	FULL	2	10222
434	298	151	10783	2000	11	8	FULL	2	9826
360	207	234	12915	2000	0	0	FULL	1	25493
392	280	169	11285	1555	12	10	ALL_EDGES	1	17131
356	231	189	2154	696	28	33	FULL	2	18793
318	278	186	1980	250	40	35	FULL	2	17985
316	240	264	1440	339	23	27	FULL	1	13316
336	248	186	10633	2000	0	0	FULL	2	19796
263	226	210	10137	2000	0	0	FULL	1	21695
325	236	202	11222	2000	20	25	FULL	1	31026
446	310	119	8085	825	0	0	FULL	4	4268
437	229	201	12580	1152	4	2	FULL	5	32535
492	228	147	8497	383	19	21	FULL	2	17253
371	257	204	273	270	0	0	FULL	2	30522
266	195	241	10737	2000	0	0	FULL	1	9131
490	310	115	8085	782	17	12	ALL_EDGES	3	22930
284	189	233	962	250	31	33	ALL_EDGES	2	7203
399	171	183	2962	808	0	0	FULL	1	27631
314	190	209	9337	2000	0	0	FULL	1	28837
357	301	181	12831	1214	19	19	FULL	4	3215
408	325	147	10959	1124	15	20	FULL	1	10438
402	231	209	12987	2000	21	20	FULL	2	2501
487	253	126	3875	250	12	14	FULL	2	5315
334	246	189	2557	619	22	18	FULL	3	29215
394	293	169	5323	595	27	31	FULL	2	22804
433	266	169	11368	1803	13	15	FULL	5	11931
342	268	147	2133	250	0	0	FULL	1	10412
290	253	212	12074	2000	0	0	FULL	2	9833
349	292	123	2100	815	7	8	FULL	1	31712
296	226	186	2425	719	24	29	FULL	1	22509
302	226	211	11063	2000	24	24	FULL	1	32647
300	272	203	2475	561	0	0	FULL	4	3972
345	253	177	2883	680	0	0	FULL	3	8416
306	181	261	609	250	0	0	FULL	2	30754
306	273	161	1026	258	19	18	FULL	3	26685
397	160	275	13300	1240	25	27	FULL	3	5286
355	323	143	2475	450	0	0	FULL	1	32332
333	252	209	12705	2000	0	0	FULL	2	17767
315	249	256	16340	2600	0	0	FULL	1	25842
414	317	118	7827	1073	13	14	FULL	3	4745
366	211	239	4033	775	23	21	FULL	4	13336
354	296	158	10246	2000	0	0	FULL	1	19702
386	286	122	7155	1089	0	0	FULL	1	22137
340	259	199	12302	2000	43	43	FULL	1	21689
303	234	260	15521	1275	27	27	FULL	2	5104
291	214	216	1282	408	34	37	FULL	3	24569
470	367	125	9890	1054	0	0	FULL	3	24796
519	323	134	2520	446	37	35	FULL	2	690
396	147	389	20070	2000	27	26	FULL	1	24025
402	305	217	17940	2000	20	23	ALL_EDGES	3	30157
527	314	148	12299	1090	11	9	CORNERS	1	30541
545	367	148	6814	805	0	0	FULL	3	3842
369	285	242	18895	2000	0	0	FULL	3	11163
455	288	179	13771	2000	0	0	FULL	1	7248
429	336	156	3735	476	0	0	ALL_EDGES	1	901
374	199	397	27258	2000	0	0	FULL	2	31448
423	356	143	2214	438	0	0	FULL	1	28862
553	374	109	3690	250	0	0	FULL	1	23155
407	287	252	21299	2000	0	0	ALL_EDGES	1	32194
395	323	177	13995	2000	0	0	FULL	2	27235
403	270	208	945	371	0	0	FULL	2	7986
394	352	213	20001	1189	0	0	FULL	2	101
