321	221	120	4862	2000	12	15	FULL	1	12917
281	157	124	3399	2000	15	14	ALL_EDGES	1	14465
320	198	181	7969	2000	0	0	FULL	1	707
406	239	119	5876	1101	0	0	FULL	2	22068
304	232	164	1920	458	0	0	FULL	2	21044
304	260	151	4944	1636	0	0	FULL	3	28119
316	191	158	6213	2000	0	0	ALL_EDGES	1	19362
263	193	88	2448	877	0	0	FULL	3	22644
252	166	203	6927	2000	29	30	FULL	1	24695
236	147	215	6465	2000	0	0	FULL	2	1173
219	199	171	540	268	0	0	FULL	4	5369
279	129	209	5910	2000	0	0	FULL	3	17827
285	212	174	7528	2000	0	0	FULL	4	27797
261	194	148	5197	2000	8	9	FULL	1	19998
289	209	140	5482	2000	15	13	FULL	1	27195
340	250	89	1890	574	0	0	FULL	2	28419
307	254	154	7848	2000	18	19	FULL	2	30201
243	174	247	1039	261	27	31	FULL	3	28650
221	170	198	6420	2000	0	0	FULL	1	16496
216	172	175	5310	1291	0	0	FULL	2	11921
320	253	93	3817	1088	11	18	FULL	1	8708
316	262	127	2373	557	11	11	FULL	5	1645
310	217	112	4222	1171	0	0	FULL	1	29700
242	195	245	10396	2000	0	0	FULL	1	30782
376	205	150	6773	1176	0	0	FULL	2	3291
249	148	204	6157	2000	0	0	FULL	3	4827
196	155	147	3550	2000	0	0	FULL	1	9429
268	163	171	1477	493	0	0	ALL_EDGES	3	6557
241	177	200	476	294	0	0	FULL	1	6937
264	174	249	10062	2000	23	26	ALL_EDGES	3	9136
298	224	171	8015	2000	23	25	FULL	1	3434
273	198	212	9211	1271	36	38	ALL_EDGES	3	12201
273	181	232	9602	2000	36	38	FULL	2	1470
314	226	148	1281	500	0	0	FULL	1	32213
283	187	141	4905	2000	0	0	FULL	2	2803
290	234	169	8073	2000	36	38	FULL	1	4300
356	191	169	3806	1306	14	13	FULL	1	14924
282	199	116	3893	1152	0	0	FULL	1	22171
252	186	139	4452	2000	20	21	FULL	2	32709
318	321	74	2445	1087	14	21	FULL	2	18066
296	227	171	8038	2000	0	0	FULL	1	12534
206	152	112	2380	2000	0	0	ALL_EDGES	6	20126
308	234	160	7659	2000	0	0	FULL	4	7585
291	267	147	713	250	0	0	FULL	1	12850
250	169	130	3663	2000	0	0	FULL	2	7834
297	198	161	636	466	0	0	FULL	4	9123
232	163	250	8844	2000	0	0	FULL	3	11422
261	171	234	8988	2000	30	37	ALL_EDGES	1	15700
332	205	169	7578	2000	0	0	FULL	3	21196
258	204	200	8389	2000	0	0	FULL	1	20048
266	199	180	845	525	33	30	FULL	4	19026
361	219	145	6796	1191	14	12	ALL_EDGES	2	19984
338	223	99	3832	1080	0	0	FULL	1	27464
358	250	95	4148	816	0	0	FULL	1	12639
373	254	68	2678	524	16	18	ALL_EDGES	1	30054
238	152	153	313	250	24	31	FULL	3	18736
355	228	143	2219	902	9	8	FULL	1	24900
374	261	77	3255	2000	0	0	FULL	1	28357
416	288	96	5267	337	0	0	FULL	2	4776
274	186	185	7134	2000	24	22	FULL	3	377
262	177	140	4381	2000	23	23	FULL	1	693
261	174	210	7733	2000	31	35	FULL	3	10757
267	240	70	1075	1050	12	13	FULL	3	25416
221	190	250	9985	2000	25	34	FULL	2	22040
271	209	202	9039	2000	0	0	FULL	1	12865
281	219	122	4590	874	0	0	FULL	1	18750
390	248	119	5980	820	0	0	FULL	2	23572
295	203	159	6431	1188	20	19	FULL	1	5028
224	165	229	1887	352	0	0	FULL	7	18999
451	339	75	2553	763	0	0	ALL_EDGES	4	8347
259	168	172	5587	2000	0	0	FULL	7	2068
257	210	120	780	402	0	0	FULL	1	768
338	248	143	7260	1182	0	0	FULL	1	26164
342	302	111	6175	1142	0	0	CORNERS	3	29802
243	193	182	2507	1227	22	23	FULL	1	3964
294	234	174	8484	635	43	43	FULL	1	12728
428	296	75	1054	616	17	14	FULL	1	7958
343	231	145	6969	1219	0	0	FULL	2	18858
245	180	191	6825	2000	8	12	FULL	2	29094
331	210	165	2668	537	11	18	ALL_EDGES	2	1145
298	227	170	7981	2000	0	0	FULL	3	27168
288	205	177	7549	2000	0	0	FULL	2	11854
322	160	185	6631	2000	0	0	FULL	1	3046
168	127	163	3104	2000	0	0	FULL	1	15854
239	177	177	2235	385	0	0	FULL	2	14659
243	189	142	513	495	0	0	FULL	1	12932
298	256	151	1046	396	0	0	FULL	4	32417
263	247	69	1300	635	13	10	ALL_EDGES	2	8314
314	184	148	5406	2000	0	0	FULL	2	15779
343	263	95	4233	814	0	0	FULL	5	30007
285	172	92	2403	1139	10	17	FULL	2	11654
343	166	166	6127	2000	0	0	FULL	2	28557
195	166	200	806	250	0	0	FULL	2	16803
378	193	116	2524	982	0	0	FULL	2	30947
264	189	231	1322	461	21	27	FULL	2	32754
217	179	244	9015	2000	39	44	FULL	3	14823
353	184	177	2380	745	0	0	ALL_EDGES	3	31923
338	278	80	3480	816	0	0	FULL	1	1842
221	201	169	5970	2000	25	32	FULL	3	26198
270	188	148	5107	1178	0	0	FULL	2	2104
246	153	201	6142	2000	0	0	FULL	1	20825
313	235	129	5690	1187	0	0	FULL	1	30382
247	180	192	6800	2000	0	0	ALL_EDGES	1	23147
464	161	153	6221	1090	0	0	FULL	1	3084
321	211	156	6772	2000	0	0	FULL	2	26711
311	196	171	2572	250	0	0	FULL	2	9456
434	287	93	5083	1019	0	0	FULL	1	18193
362	159	165	4113	538	0	0	FULL	1	9529
300	187	152	5601	2000	10	11	FULL	1	17819
268	146	115	787	640	8	5	FULL	4	28411
273	232	165	7497	2000	0	0	FULL	2	19703
356	152	139	1132	575	0	0	FULL	4	26872
260	180	181	6468	803	0	0	FULL	1	7390
265	195	144	742	382	20	19	FULL	1	8126
227	150	220	937	484	0	0	FULL	3	29492
253	155	114	2812	1197	3	3	FULL	4	14111
253	207	86	2466	845	13	8	FULL	1	20811
349	235	140	6796	1128	0	0	FULL	2	4419
279	188	163	5967	2000	0	0	FULL	2	13044
252	162	158	4719	2000	31	28	FULL	1	18268
301	174	162	5746	2000	20	19	FULL	4	21192
341	196	127	4862	1124	0	0	FULL	1	9188
340	233	108	4513	1079	13	8	FULL	1	26089
269	201	158	782	389	0	0	FULL	1	21382
344	196	155	6552	2000	13	12	FULL	2	5483
239	164	167	4959	2000	0	0	FULL	1	18533
346	219	151	4795	1604	0	0	FULL	1	1681
344	269	103	4902	825	0	0	FULL	1	30283
309	236	158	7601	2000	3	5	FULL	1	26925
247	177	195	6859	1262	0	0	FULL	1	27429
199	174	130	3330	1256	21	19	FULL	2	1005
282	231	131	5372	2600	0	0	FULL	5	14422
210	213	100	2875	2000	6	2	FULL	2	11883
248	162	162	4803	2000	0	0	FULL	3	8245
284	149	249	8893	2000	30	29	FULL	5	29284
273	168	185	909	583	0	0	FULL	1	20497
329	283	124	6601	1138	0	0	FULL	3	14158
206	146	117	325	296	0	0	FULL	1	10339
304	241	129	570	306	0	0	FULL	1	681
289	173	150	1432	250	18	26	FULL	1	2444
279	207	113	3861	2289	13	13	ALL_EDGES	2	25030
385	187	145	6037	1127	0	0	FULL	2	145
303	194	127	1552	250	10	8	FULL	2	18274
243	179	149	4673	2000	0	0	FULL	1	18695
296	184	211	126	301	24	23	ALL_EDGES	1	14048
248	171	200	6919	2000	0	0	FULL	1	28231
257	205	161	6162	2000	36	33	FULL	3	14562
273	239	130	5440	2600	16	21	FULL	3	19669
300	226	125	5108	876	0	0	ALL_EDGES	1	21258
239	188	188	2414	250	0	0	ALL_EDGES	3	3014
324	178	199	8257	2000	20	17	FULL	1	16637
242	175	153	1352	250	0	0	FULL	1	444
311	172	216	2691	373	26	25	FULL	2	22772
293	211	89	2860	853	0	0	FULL	3	17468
378	259	117	6037	857	10	14	FULL	1	414
353	272	89	901	450	16	24	FULL	2	18341
292	200	146	2898	250	13	16	FULL	3	12440
312	277	121	315	250	15	16	ALL_EDGES	1	4462
208	168	242	1113	417	2	7	FULL	1	12952
187	105	228	4432	1148	0	0	ALL_EDGES	1	23529
328	259	89	3697	819	15	17	ALL_EDGES	2	7061
322	204	175	7808	2000	19	22	FULL	2	18077
184	119	206	324	472	25	24	FULL	1	20758
355	202	119	4624	1094	11	14	FULL	3	27422
318	204	162	1407	521	22	20	FULL	2	10064
410	257	81	3451	250	0	0	FULL	3	28292
315	244	149	7337	2000	0	0	FULL	1	15228
248	175	104	2713	1168	11	16	FULL	8	9872
282	169	241	1380	250	40	42	FULL	1	26
344	228	58	1777	586	0	0	FULL	1	32610
267	198	160	6035	2000	0	0	FULL	2	29043
206	144	151	319	250	0	0	FULL	3	13212
278	156	127	434	502	32	30	FULL	3	32444
335	269	94	4267	1058	10	10	FULL	3	6591
347	214	114	1547	831	0	0	ALL_EDGES	2	5813
243	174	131	88	275	0	0	FULL	1	19492
311	187	164	978	250	35	37	FULL	7	23794
280	173	197	1767	250	9	11	FULL	2	14369
176	137	185	540	474	0	0	FULL	1	18516
299	132	113	1332	625	0	0	FULL	2	9420
278	185	165	6018	2000	0	0	FULL	1	26860
252	161	210	7029	2000	0	0	FULL	3	27982
372	285	109	3668	1046	0	0	FULL	1	16384
322	220	162	7544	1201	0	0	FULL	1	17290
247	190	160	840	455	0	0	FULL	1	27982
338	216	130	5510	1167	0	0	FULL	3	22207
296	246	158	1242	250	20	21	FULL	2	29964
320	293	123	1771	250	0	0	FULL	2	17397
319	231	156	2127	492	0	0	FULL	1	32316
233	174	185	412	427	29	29	FULL	1	18600
252	161	112	2781	2000	0	0	FULL	5	23234
208	110	153	623	824	8	8	FULL	2	30589
316	225	162	1495	653	0	0	FULL	2	27618
293	161	160	975	250	4	1	CORNERS	1	11481
301	126	118	2632	1173	0	0	FULL	1	25123
368	246	94	4088	1076	0	0	FULL	1	636
317	243	149	7325	2000	0	0	FULL	1	16605
285	173	233	9430	2000	32	33	FULL	1	18564
270	146	89	682	880	10	15	FULL	2	29864
336	227	137	1512	250	9	7	FULL	2	18004
270	184	171	6196	2000	0	0	FULL	2	3665
324	175	150	5372	2000	0	0	ALL_EDGES	1	12853
275	195	178	712	250	0	0	FULL	1	336
362	255	92	4063	1020	0	0	FULL	3	10338
232	166	116	2943	2000	18	21	FULL	2	12342
282	210	177	966	373	0	0	FULL	1	28097
277	198	137	975	505	29	32	FULL	1	27448
262	238	120	975	653	1	2	FULL	1	1392
324	177	167	3819	1311	0	0	FULL	1	29326
291	164	240	9464	2000	9	13	FULL	1	1016
242	194	96	2646	869	0	0	FULL	1	19571
235	173	210	7259	1307	2	5	FULL	4	29936
432	234	104	2961	947	13	15	FULL	1	2058
413	218	106	4569	802	0	0	FULL	5	7791
353	241	182	728	250	18	24	FULL	1	19474
350	275	172	775	270	0	0	FULL	2	28353
372	235	155	8113	868	8	10	FULL	2	24180
290	206	243	12035	2000	31	31	FULL	2	16860
319	212	214	10846	2000	5	11	FULL	3	4559
361	314	164	11581	2000	0	0	FULL	2	19012
301	280	161	2362	659	0	0	FULL	2	2470
352	296	149	9377	915	10	12	FULL	1	16304
348	196	228	3363	956	0	0	FULL	5	25145
306	225	225	12121	2000	0	0	FULL	2	20123
339	269	204	13172	2000	0	0	FULL	2	9567
256	184	287	12798	2000	0	0	FULL	2	8896
294	171	308	14229	2000	0	0	FULL	7	17735
304	270	188	11175	2000	22	20	ALL_EDGES	1	24516
319	277	175	10571	2000	0	0	FULL	4	25374
459	277	98	5537	1009	0	0	FULL	1	22875
372	218	179	1580	607	0	0	FULL	1	16619
349	207	229	528	340	0	0	FULL	2	19000
334	225	179	4050	655	19	21	FULL	1	7260
509	376	81	5983	433	18	19	FULL	2	24020
263	208	282	14399	2000	23	22	FULL	2	24657
344	236	191	10633	2000	0	0	FULL	1	23972
379	240	149	2227	630	0	0	FULL	3	8123
386	406	99	7455	1066	6	11	FULL	3	23154
332	221	264	4719	250	0	0	FULL	2	3586
452	339	107	7672	1036	0	0	FULL	1	93
274	192	238	10537	2000	0	0	FULL	1	26284
239	202	279	13027	2000	0	0	ALL_EDGES	10	3955
337	255	180	10462	2000	0	0	FULL	2	25972
323	257	223	4051	298	0	0	ALL_EDGES	2	14950
308	265	226	3848	516	10	9	FULL	1	26417
384	248	184	11217	2000	19	21	FULL	4	15093
295	193	254	12180	2000	0	0	FULL	3	18535
321	178	288	14124	2000	24	22	FULL	3	15401
369	315	133	8742	881	0	0	FULL	2	17736
523	395	94	4036	904	0	0	FULL	2	2006
466	237	177	11232	1186	5	9	FULL	1	3654
285	222	213	10624	2000	28	28	ALL_EDGES	5	14579
384	335	105	2295	782	0	0	FULL	1	8859
407	265	144	8633	1120	0	0	FULL	1	27070
336	189	244	12028	2000	0	0	FULL	2	24742
301	241	213	11888	2000	22	20	FULL	1	32145
331	184	222	1458	593	36	40	FULL	2	21186
311	284	175	1007	327	20	24	FULL	2	24057
404	282	110	6175	1049	0	0	FULL	3	12974
325	222	173	8412	2000	0	0	FULL	1	19203
320	209	277	6216	250	25	28	FULL	1	8546
368	247	193	11690	2000	19	25	FULL	5	31588
339	287	150	8961	2000	9	9	FULL	1	22554
393	344	122	3679	250	11	14	FULL	2	31453
269	196	254	11839	2000	0	0	FULL	2	4442
321	247	170	1201	250	19	25	FULL	1	11430
468	274	128	8184	1062	0	0	FULL	2	15495
351	197	224	11330	2000	0	0	FULL	5	22856
296	218	286	2497	540	0	0	ALL_EDGES	1	19774
342	203	224	11470	1415	22	20	FULL	3	6379
263	222	267	1751	250	0	0	FULL	2	5183
340	283	130	7225	1188	0	0	FULL	1	21334
336	237	194	10834	2000	0	0	FULL	3	4137
313	244	164	8350	2000	19	18	FULL	1	21329
344	260	185	1716	439	0	0	FULL	2	3871
350	246	145	2412	502	0	0	FULL	1	15707
327	235	202	11175	2000	0	0	FULL	2	27154
344	234	155	1287	380	0	0	FULL	6	6702
374	257	130	6912	1149	0	0	FULL	2	25861
327	186	329	18040	2000	20	29	FULL	1	32651
413	183	205	10106	2000	16	13	FULL	3	3287
336	243	178	1102	495	0	0	FULL	3	32174
381	236	217	13552	2000	0	0	FULL	1	7986
402	301	144	3115	832	8	9	FULL	2	6478
367	296	124	7384	1131	0	0	ALL_EDGES	2	25302
388	302	132	3317	250	0	0	FULL	2	16528
441	225	125	6312	826	0	0	FULL	2	3325
320	165	237	3475	1146	28	27	FULL	4	19164
371	285	175	11784	2000	0	0	FULL	2	13889
392	230	172	1751	454	0	0	FULL	1	8197
266	179	263	11175	2000	0	0	FULL	1	18348
303	234	218	11981	2000	0	0	FULL	3	9790
344	267	202	13024	2000	25	28	FULL	1	10379
381	325	157	11680	1152	0	0	FULL	4	21454
307	177	304	1419	250	0	0	FULL	3	27908
307	203	201	9262	2000	20	22	FULL	1	14353
388	295	118	7020	836	0	0	FULL	3	32690
304	186	257	12078	2000	35	39	FULL	3	15851
284	245	209	11310	1225	0	0	FULL	2	27352
356	325	134	8881	1171	11	15	FULL	2	16399
349	294	151	9486	1189	9	7	FULL	2	28263
362	261	154	8801	1172	0	0	FULL	3	5775
267	211	222	3900	301	0	0	FULL	1	32008
337	247	198	2854	630	0	0	FULL	2	7386
314	254	219	13335	1217	25	27	FULL	1	30272
447	314	139	10237	1084	10	5	FULL	3	5678
346	268	200	12931	2000	7	11	FULL	1	24362
384	254	199	12967	2000	19	24	FULL	1	4001
375	205	261	15220	2000	31	31	FULL	1	20988
357	258	167	9842	2600	11	10	FULL	1	6077
407	278	137	8447	1151	0	0	FULL	3	678
357	289	161	10279	2000	7	7	FULL	3	27391
348	234	178	9584	2000	0	0	FULL	5	18049
425	264	138	8308	1107	15	14	FULL	2	29322
311	194	308	3422	250	28	26	FULL	2	5031
370	253	134	7050	855	0	0	FULL	1	25622
329	205	297	17160	1309	0	0	FULL	3	29555
346	255	176	1782	407	18	23	FULL	2	19097
347	272	164	9889	2000	17	20	FULL	4	9829
385	261	144	4277	1006	18	22	FULL	1	17475
356	236	208	1505	250	0	0	FULL	4	14315
368	229	231	14157	1426	0	0	FULL	1	24849
314	225	219	11826	2000	7	4	FULL	6	2751
357	255	170	9920	1146	0	0	FULL	1	31593
304	204	251	3720	250	0	0	FULL	5	3093
285	247	206	11223	1259	24	27	FULL	2	24643
320	207	219	10962	1263	23	26	FULL	2	27743
383	358	113	7951	1059	12	18	FULL	1	17140
528	296	99	1798	250	25	31	FULL	1	31735
409	326	138	1628	372	17	18	FULL	1	13596
344	233	181	478	250	0	0	FULL	1	2107
371	254	207	13416	1206	35	38	FULL	2	27539
350	158	281	1255	345	0	0	FULL	10	29802
345	278	161	9827	2000	10	8	FULL	2	29692
308	171	350	2479	983	25	28	FULL	4	16082
410	253	188	1872	547	0	0	FULL	1	1949
436	306	139	2941	605	17	19	FULL	8	7943
393	285	130	7830	857	0	0	FULL	1	29345
344	328	165	2941	770	17	16	FULL	1	24840
292	237	180	1987	453	20	23	FULL	6	17645
348	221	213	11847	2177	0	0	FULL	1	14940
393	253	166	9999	1218	0	0	FULL	5	4111
284	108	634	25369	2000	20	23	FULL	2	8868
284	206	265	2077	264	27	25	FULL	4	26354
278	236	205	10557	2000	30	31	FULL	2	6813
266	235	263	14767	2000	0	0	FULL	4	30303
390	284	139	1922	250	0	0	FULL	2	16101
307	234	216	1596	419	0	0	FULL	1	24499
244	197	281	2295	458	0	0	FULL	2	12547
404	254	171	10587	1170	0	0	FULL	2	22082
340	187	229	1885	424	0	0	FULL	1	21279
483	274	151	10560	362	0	0	FULL	7	12642
340	288	158	2185	557	0	0	FULL	3	26035
304	252	202	1751	596	38	43	FULL	2	14547
372	179	233	11253	2600	0	0	FULL	1	25203
403	244	147	8207	882	0	0	FULL	3	5629
383	257	178	11077	2000	17	25	ALL_EDGES	1	30821
354	257	182	10939	2000	0	0	FULL	2	17638
320	233	207	11423	2000	20	21	FULL	5	19357
323	148	322	13934	2000	27	27	FULL	4	11551
386	272	148	8974	899	27	27	FULL	1	7726
388	234	137	6975	1109	0	0	ALL_EDGES	3	18059
409	245	135	7303	2000	0	0	FULL	4	26271
466	339	92	6177	490	15	16	FULL	2	22966
347	202	221	3131	885	0	0	FULL	1	1311
309	245	191	10454	2000	0	0	FULL	1	10008
378	223	208	11970	2000	0	0	FULL	1	29940
428	286	143	9520	1109	0	0	FULL	1	19309
337	256	190	2013	639	23	20	ALL_EDGES	2	12323
464	317	132	4621	840	0	0	FULL	2	8240
389	207	205	3349	250	19	19	FULL	1	31891
377	266	145	2639	670	9	16	FULL	7	2541
412	258	127	3996	250	0	0	FULL	3	24688
316	199	245	12415	1271	0	0	FULL	3	30464
292	184	234	1662	250	0	0	ALL_EDGES	1	13801
395	324	129	4818	645	0	0	FULL	3	23719
281	245	284	2281	250	0	0	FULL	1	8738
287	216	202	1462	615	0	0	FULL	2	3009
344	239	237	14761	1482	2	5	ALL_EDGES	1	6554
416	292	135	8860	1086	12	19	FULL	1	424
419	323	122	4108	565	0	0	FULL	4	4615
548	329	108	8326	250	15	18	FULL	2	27864
375	195	252	13856	1210	30	29	FULL	1	32039
386	337	142	10508	2000	10	8	FULL	1	17249
381	319	144	10062	870	16	12	FULL	2	23153
418	292	160	11271	1969	0	0	FULL	2	19917
402	262	190	2080	385	0	0	FULL	6	8927
317	216	227	11966	2000	35	36	FULL	1	19551
336	229	201	11005	2000	19	21	FULL	1	31266
436	190	211	1925	454	0	0	FULL	2	24995
303	141	340	1377	547	0	0	FULL	2	6106
410	237	150	3407	994	0	0	FULL	1	26296
449	313	89	3425	402	17	20	FULL	1	3017
320	223	232	12804	1235	22	18	FULL	1	24561
353	271	210	14160	2000	20	22	FULL	1	3179
436	208	204	11747	2000	32	37	ALL_EDGES	1	6047
421	239	164	2508	449	0	0	FULL	10	14221
411	414	97	7639	1034	15	16	FULL	1	655
449	303	106	2291	596	0	0	FULL	1	11098
244	221	251	12298	2000	0	0	FULL	3	15879
423	309	118	4944	1098	0	0	FULL	2	17113
357	187	218	10396	2000	0	0	FULL	3	30401
288	171	357	17377	2000	0	0	FULL	2	562
362	290	186	12909	2000	0	0	FULL	2	9979
388	302	107	1350	442	36	39	FULL	2	22604
278	197	266	12774	2000	0	0	FULL	1	30324
446	245	114	3612	988	0	0	ALL_EDGES	2	4761
464	257	121	4161	1200	13	12	ALL_EDGES	2	31452
359	213	256	565	250	0	0	FULL	3	20001
302	199	241	11745	2000	13	12	FULL	10	7890
348	274	163	9842	2000	0	0	FULL	1	9903
374	241	161	8859	1200	9	4	FULL	2	26545
335	297	156	2309	283	0	0	FULL	4	29631
255	134	365	13250	2000	22	20	FULL	4	4133
377	335	158	12080	1957	0	0	FULL	2	26890
361	318	152	2537	540	0	0	ALL_EDGES	1	14277
372	221	164	8343	2000	0	0	FULL	2	2741
417	266	131	7656	1109	0	0	FULL	2	6707
382	233	174	9718	2000	0	0	FULL	3	30902
366	249	159	8874	1226	0	0	FULL	3	9692
351	218	163	5012	1310	0	0	FULL	1	20562
472	334	98	6789	993	0	0	FULL	1	20766
476	334	116	8695	1011	10	4	FULL	2	22548
352	258	193	11935	2000	0	0	FULL	1	31495
267	165	284	11575	2000	21	25	FULL	1	27648
425	190	191	9656	2000	0	0	FULL	4	19761
366	272	155	7176	1219	0	0	FULL	2	23386
278	222	218	1107	345	32	38	FULL	2	21921
326	233	203	11222	2000	31	32	FULL	1	10717
355	232	212	2082	472	40	41	FULL	2	22318
391	252	198	12831	2000	0	0	FULL	2	23384
295	265	173	1431	250	0	0	FULL	1	5859
316	224	190	9625	2000	0	0	FULL	3	13535
329	263	144	5525	876	0	0	FULL	6	16019
308	213	284	16021	2000	0	0	ALL_EDGES	2	17613
432	191	212	11357	2000	0	0	FULL	2	30328
353	268	163	1457	250	17	21	FULL	1	10975
366	269	188	3330	460	0	0	FULL	1	27245
315	194	254	2092	250	0	0	ALL_EDGES	3	12458
474	259	134	2194	250	0	0	FULL	5	9662
358	211	179	8815	1188	19	19	ALL_EDGES	2	8922
349	298	159	10345	2000	19	16	FULL	6	7406
337	187	214	742	428	29	36	ALL_EDGES	2	8352
335	203	185	8550	2000	0	0	FULL	3	295
424	277	123	3161	519	11	10	FULL	5	15408
410	249	133	2484	481	0	0	ALL_EDGES	1	23345
326	243	246	15424	2000	0	0	FULL	1	2837
371	248	202	12580	2000	0	0	FULL	1	1820
401	280	156	2922	459	7	3	FULL	2	6607
364	251	136	7162	1159	0	0	FULL	1	11986
414	291	129	4820	1042	14	18	FULL	2	18615
415	339	139	4270	794	0	0	FULL	1	15168
513	281	128	5642	250	0	0	FULL	1	24853
274	199	229	10362	2000	38	35	CORNERS	2	32522
479	283	92	5275	348	31	30	ALL_EDGES	6	5369
333	243	166	8815	2000	19	19	FULL	3	11443
310	218	185	3137	267	0	0	FULL	4	7463
421	274	134	2960	250	0	0	FULL	1	558
367	209	240	925	364	0	0	FULL	1	18026
319	308	127	7375	1189	0	0	FULL	2	11261
348	201	251	13545	2000	4	2	FULL	1	27307
302	207	200	9312	2000	0	0	ALL_EDGES	3	207
346	214	196	10048	996	22	24	FULL	3	17979
414	303	156	4485	535	0	0	FULL	3	12833
325	222	188	2254	339	0	0	FULL	2	30582
369	230	194	11038	2000	0	0	FULL	6	5952
396	331	141	10360	1168	18	24	FULL	2	15498
414	253	129	7101	1096	14	10	FULL	1	15667
243	213	242	1037	333	28	28	FULL	1	23432
364	277	193	2983	250	25	33	FULL	2	16590
317	209	233	12090	2000	0	0	FULL	1	18659
347	344	105	6475	852	12	7	LONG_EDGES	2	5831
339	276	155	9106	2600	19	23	FULL	1	3304
395	280	140	2650	250	0	0	FULL	2	16400
403	253	171	10622	1184	0	0	FULL	2	506
382	285	179	4387	544	0	0	FULL	1	22453
301	227	227	12260	2000	0	0	FULL	1	20713
372	275	171	2520	442	5	4	FULL	6	12727
289	229	294	17686	2000	22	22	FULL	3	21265
489	312	114	5040	627	13	13	FULL	3	18978
330	274	182	2112	417	48	42	FULL	3	19462
315	185	282	5857	1428	0	0	FULL	2	3471
362	212	176	8707	2000	13	14	FULL	2	29632
333	219	227	12441	2000	0	0	FULL	1	32437
414	338	118	8332	810	0	0	FULL	1	22291
456	341	126	4407	250	11	13	FULL	2	1371
252	198	250	11212	2000	0	0	FULL	1	24922
419	237	156	2232	443	15	21	FULL	1	23641
350	318	149	10015	1208	0	0	ALL_EDGES	1	16879
305	249	205	3193	724	14	14	FULL	2	22816
385	236	214	13377	2000	0	0	FULL	3	11351
394	269	137	8018	1103	9	17	FULL	4	1572
440	275	120	7177	1093	34	33	FULL	1	26866
462	237	114	5900	1024	0	0	FULL	1	15558
340	206	207	10382	2000	0	0	FULL	1	17360
502	366	106	8580	775	16	24	ALL_EDGES	2	24205
393	342	116	7951	2000	21	27	FULL	1	29378
315	253	250	16180	2000	27	28	FULL	1	14026
239	122	430	7275	1998	0	0	FULL	3	22731
366	266	128	6950	911	0	0	FULL	1	22387
342	337	135	9098	1213	0	0	ALL_EDGES	2	14155
376	341	152	3802	509	0	0	FULL	4	7115
377	264	165	10164	894	0	0	FULL	2	6829
400	204	190	9904	2000	17	17	FULL	4	27853
368	237	224	13942	2000	0	0	FULL	3	12167
466	260	120	5017	250	0	0	FULL	1	19550
287	167	324	14740	2000	0	0	FULL	2	16659
369	228	149	7412	1181	0	0	FULL	1	21057
289	183	333	16782	1121	0	0	FULL	4	5589
400	229	192	11217	1224	0	0	ALL_EDGES	1	22453
385	221	194	10840	1214	18	21	FULL	1	2633
394	299	123	1580	250	0	0	FULL	1	16733
521	322	92	6293	512	17	23	FULL	1	14007
367	174	242	1255	351	0	0	FULL	2	27459
390	236	157	565	297	28	32	FULL	3	18227
342	195	189	3537	620	19	19	FULL	2	16446
294	199	249	12078	2312	0	0	FULL	2	6474
350	302	128	1822	694	0	0	FULL	2	19059
341	249	194	11451	2000	19	24	FULL	3	7583
433	252	142	3689	1005	0	0	FULL	2	15243
397	278	123	7074	856	10	11	ALL_EDGES	1	7653
283	240	214	11455	2000	0	0	FULL	1	22495
201	203	406	1798	609	0	0	ALL_EDGES	1	24179
365	279	123	6825	1107	0	0	FULL	2	14264
366	262	131	7000	1145	9	12	ALL_EDGES	1	12086
235	196	335	16414	2000	52	57	FULL	4	17806
339	240	190	1581	577	22	26	FULL	3	6261
313	166	240	3387	801	25	27	FULL	2	14670
341	233	233	1683	396	0	0	FULL	5	153
387	283	141	8773	891	4	8	FULL	1	19926
453	252	135	7998	1074	0	0	FULL	4	22661
356	181	209	9504	2000	22	26	FULL	5	24751
308	206	198	9175	2000	0	0	FULL	2	15479
313	261	202	12144	1229	0	0	FULL	2	4850
411	269	140	8509	1155	0	0	ALL_EDGES	5	27485
351	203	175	8175	2000	0	0	ALL_EDGES	2	24655
259	181	354	5181	1053	0	0	FULL	2	6729
337	278	213	14560	2000	0	0	FULL	1	18508
384	288	158	10482	884	16	22	FULL	1	22223
504	358	103	8010	250	34	36	FULL	2	10030
394	359	110	7765	1143	0	0	FULL	2	29434
457	241	141	8106	1093	0	0	ALL_EDGES	1	32599
499	276	112	7021	1032	0	0	FULL	3	12040
364	250	137	2312	679	9	16	FULL	2	22441
328	288	186	1907	250	0	0	FULL	2	6976
471	357	80	5386	336	0	0	FULL	3	23952
365	237	179	3456	783	11	12	FULL	2	27258
391	302	139	9240	1111	0	0	FULL	3	27467
385	202	257	14940	2000	0	0	FULL	4	15897
309	228	191	2754	517	22	20	FULL	1	15672
388	224	179	558	250	18	21	FULL	4	9357
287	202	266	558	359	28	21	FULL	3	31454
359	180	240	11594	2000	10	12	ALL_EDGES	3	20068
318	219	179	1737	534	4	12	FULL	2	634
347	222	201	10850	2000	37	39	FULL	3	31871
408	252	160	4438	909	0	0	ALL_EDGES	7	16350
363	286	121	6775	1092	0	0	FULL	2	18781
372	247	168	2216	557	5	13	FULL	4	1470
475	197	198	11137	1190	0	0	FULL	2	14975
330	221	214	11423	2000	24	25	FULL	2	29655
242	172	323	13864	1310	21	23	FULL	2	19538
324	236	163	8212	1178	28	33	FULL	3	3584
422	253	117	6250	848	12	16	FULL	1	1962
274	219	275	14866	2000	26	32	FULL	4	22849
333	175	232	2187	773	0	0	ALL_EDGES	1	13786
581	181	176	9620	1111	0	0	FULL	1	30841
360	260	197	12598	2000	0	0	FULL	1	12701
298	243	215	11997	2000	0	0	FULL	2	19988
387	271	148	2015	250	0	0	FULL	1	32118
345	203	223	11392	2000	23	28	FULL	2	26375
255	212	230	10725	2600	0	0	FULL	2	21908
347	210	212	11129	1220	31	32	FULL	3	32089
454	336	109	4554	605	0	0	FULL	2	21644
320	271	190	11682	2000	24	24	ALL_EDGES	14	13755
430	327	110	7455	803	17	27	FULL	1	2186
431	220	174	4917	1211	17	20	FULL	2	28875
452	277	140	9170	839	15	13	FULL	3	8902
365	269	168	10395	2000	17	22	FULL	3	752
324	180	213	9275	2000	0	0	FULL	2	21160
294	145	294	11237	2000	0	0	FULL	1	23826
440	321	124	8802	2000	11	12	FULL	3	872
303	189	235	10813	2000	0	0	FULL	3	23718
405	286	108	3637	1003	13	19	FULL	4	24750
434	253	159	2222	415	0	0	FULL	2	9234
286	207	261	13361	2000	0	0	FULL	1	3013
346	235	226	3922	378	21	27	FULL	1	721
230	177	381	3286	250	0	0	ALL_EDGES	13	28880
290	233	259	14945	2000	25	24	FULL	1	4462
291	184	309	15262	2000	20	20	FULL	2	25749
395	286	146	6451	1582	0	0	FULL	1	30541
336	183	301	15817	2147	21	17	FULL	1	27401
397	288	135	8494	1143	8	8	FULL	1	18225
340	212	229	12358	2000	20	27	FULL	2	22608
391	284	148	9504	1798	0	0	FULL	1	11483
485	324	118	8676	819	0	0	FULL	2	4066
444	223	198	6571	616	0	0	FULL	2	8896
346	143	376	17279	2000	0	0	FULL	1	12904
308	213	283	7307	334	22	16	FULL	1	11429
471	245	134	4324	1163	0	0	ALL_EDGES	4	23708
332	230	177	9099	2000	0	0	FULL	4	7438
268	227	238	12339	2000	0	0	FULL	1	25925
383	193	168	7700	1218	0	0	ALL_EDGES	1	191
402	317	130	8827	1095	0	0	ALL_EDGES	1	26680
330	183	274	13629	2000	0	0	FULL	2	32718
335	292	169	10824	2000	19	20	FULL	2	24044
305	219	219	11194	1217	28	31	FULL	4	12159
381	157	243	10614	2000	0	0	FULL	1	30161
347	195	200	1660	250	0	0	FULL	1	18176
362	281	172	11200	681	11	15	FULL	1	31430
415	185	163	2925	815	0	0	FULL	5	3902
298	289	204	13230	2000	0	0	FULL	1	24826
308	213	281	15947	2000	26	20	FULL	2	30777
274	178	296	13514	1288	26	26	FULL	1	13466
333	221	250	14596	996	0	0	FULL	5	10551
487	397	104	6640	671	0	0	FULL	5	28437
264	229	206	1625	658	0	0	FULL	3	28732
391	302	106	6187	1082	0	0	FULL	2	10667
310	202	216	10287	2000	19	24	FULL	2	28206
378	317	164	11934	1189	17	11	ALL_EDGES	9	2577
371	209	174	2200	613	0	0	FULL	1	21438
322	253	239	15288	2000	0	0	FULL	1	13884
392	283	140	8695	1134	33	32	FULL	2	23696
221	170	332	13550	2000	0	0	FULL	1	1231
361	216	211	1485	528	23	23	FULL	2	2694
269	163	353	15810	1375	0	0	FULL	2	31112
323	253	153	2200	643	8	7	ALL_EDGES	2	2228
316	249	185	10193	2287	0	0	FULL	3	2241
390	203	158	7412	2000	6	9	FULL	4	23106
365	244	162	8975	474	0	0	FULL	1	9583
328	245	194	10958	1203	28	32	FULL	1	21074
369	294	124	7357	1140	15	18	ALL_EDGES	2	31508
300	214	195	6375	950	0	0	FULL	2	1365
348	250	167	9294	2000	16	15	FULL	6	7013
341	244	186	10555	2000	7	8	ALL_EDGES	1	26415
373	260	149	3103	964	0	0	FULL	4	14781
371	239	210	12802	2000	0	0	FULL	1	18404
345	311	182	13084	1173	19	17	FULL	2	18000
349	288	144	2059	250	0	0	FULL	1	5744
377	205	187	1595	604	19	18	FULL	1	27571
351	272	193	12654	2000	0	0	FULL	2	17125
335	177	260	12415	2000	0	0	FULL	2	24316
293	208	254	13051	2000	28	22	FULL	3	2103
309	255	183	10266	2000	28	31	FULL	3	5509
435	184	168	7843	1655	0	0	FULL	1	22740
384	267	152	9098	1198	5	4	FULL	1	9234
419	276	151	2345	425	0	0	FULL	1	29773
306	213	208	1485	454	37	38	FULL	3	19021
279	239	216	11600	2000	0	0	ALL_EDGES	1	11795
325	249	242	15327	2000	25	29	FULL	1	12116
425	198	149	6950	859	14	11	FULL	1	8380
356	220	160	1750	441	0	0	FULL	2	26682
301	199	257	12973	2600	0	0	FULL	2	22079
392	286	174	12051	2000	0	0	FULL	1	7669
397	288	162	9805	1184	16	13	FULL	4	3463
381	316	120	7685	2000	0	0	FULL	1	6743
462	309	116	2013	494	0	0	FULL	1	25229
315	228	202	10628	2000	0	0	FULL	3	340
308	168	242	10062	2000	32	35	FULL	1	5098
341	172	264	12384	2000	0	0	ALL_EDGES	2	17890
256	187	261	11350	2398	27	29	FULL	2	13843
350	247	191	11236	2000	37	33	FULL	2	21266
308	242	208	1596	387	0	0	FULL	1	10648
370	314	172	12660	2000	0	0	FULL	2	5293
324	182	229	10354	2000	0	0	FULL	1	29012
450	217	149	1841	500	0	0	FULL	2	26648
342	319	142	9300	1188	0	0	FULL	2	21936
491	293	136	2223	611	0	0	FULL	3	4935
332	237	235	14208	2000	22	19	FULL	2	21400
423	315	139	9990	1100	0	0	FULL	1	31686
421	141	260	11175	1234	0	0	FULL	1	25190
332	241	193	10865	934	0	0	FULL	1	18884
373	153	237	9868	2000	0	0	FULL	2	24495
328	260	216	13727	1232	20	24	FULL	1	31236
402	241	150	2479	463	0	0	FULL	1	8886
381	261	156	1937	453	0	0	ALL_EDGES	1	14022
395	151	309	2275	410	0	0	FULL	1	22272
336	255	146	2012	783	0	0	FULL	1	5636
436	281	135	2359	722	0	0	FULL	2	7687
293	201	213	9700	1210	0	0	FULL	1	29242
433	283	160	546	250	0	0	FULL	1	19815
443	313	144	10740	2000	14	10	FULL	1	21379
266	204	304	15774	2000	23	27	FULL	4	1037
384	273	157	1716	435	0	0	FULL	2	26146
440	202	175	9114	895	6	9	FULL	1	14033
