304	206	88	2794	837	0	0	FULL	7	12223
326	275	106	5101	1097	0	0	FULL	4	26243
248	181	168	5640	2000	0	0	FULL	3	2002
373	231	98	1207	435	4	12	FULL	3	23372
314	208	177	7935	2000	38	40	FULL	3	30617
332	169	151	5321	2000	0	0	FULL	1	17951
269	182	247	10368	2000	0	0	FULL	1	19590
292	206	158	1168	250	0	0	FULL	1	5633
263	197	183	7229	2000	36	38	FULL	1	23823
271	161	127	1617	250	13	14	FULL	1	3878
274	179	173	6188	2000	0	0	FULL	6	13723
344	205	135	1463	578	0	0	FULL	1	25223
297	156	163	5115	2600	21	21	FULL	1	18557
332	266	108	5092	1097	0	0	FULL	2	21024
449	197	130	5853	1066	11	7	FULL	1	29702
226	195	261	11051	2000	0	0	FULL	1	2838
193	143	271	7890	2000	0	0	FULL	5	1459
221	155	247	8041	2000	24	19	FULL	1	15930
199	165	137	3411	2000	0	0	FULL	1	11736
352	204	160	4082	1415	15	15	FULL	4	30439
315	226	92	1482	991	11	13	FULL	2	7248
297	202	142	1836	943	16	23	FULL	1	25901
242	134	138	3132	2000	0	0	FULL	1	3678
318	207	114	4207	1158	0	0	FULL	2	4832
322	191	187	8050	2000	0	0	FULL	1	15160
322	215	123	178	313	0	0	FULL	1	12660
264	187	173	6290	2000	0	0	FULL	1	27677
324	254	116	5320	1168	7	12	FULL	4	25124
262	183	156	5317	2000	23	21	FULL	4	19458
216	165	239	8007	2000	0	0	FULL	1	28447
262	161	201	6766	1232	0	0	ALL_EDGES	1	24571
271	179	134	4238	2000	15	16	ALL_EDGES	1	17146
229	167	222	7548	1257	28	29	FULL	2	3049
216	167	97	2180	1196	8	16	FULL	1	16022
239	193	261	11244	2600	27	29	ALL_EDGES	2	14974
333	212	121	1768	517	10	16	FULL	1	30525
210	139	188	2293	781	0	0	FULL	1	10174
221	144	267	1836	250	14	16	ALL_EDGES	3	2752
302	212	102	3549	1095	28	25	FULL	1	8653
304	185	116	3750	1175	0	0	FULL	2	29223
260	201	163	6162	1199	0	0	FULL	1	21312
322	245	107	2099	556	0	0	FULL	2	24948
281	165	140	721	585	0	0	FULL	1	1475
249	197	173	6460	2000	0	0	FULL	3	17263
293	246	118	2354	1144	18	16	ALL_EDGES	2	20011
358	204	103	1057	717	17	20	FULL	2	24982
279	192	158	612	334	21	25	FULL	2	1339
366	194	134	5386	848	0	0	FULL	3	1701
268	165	239	2037	697	9	11	FULL	3	1403
235	129	248	6915	2000	0	0	FULL	1	14453
259	208	214	897	351	0	0	FULL	3	29015
300	275	91	3900	1078	16	15	FULL	3	29166
279	167	162	5257	2000	0	0	FULL	3	10675
288	236	126	5227	470	7	12	FULL	5	26410
326	176	166	6270	2000	0	0	FULL	1	11580
207	139	121	280	250	0	0	FULL	2	24567
300	224	171	7981	2000	0	0	FULL	2	25963
187	125	194	4117	2600	0	0	ALL_EDGES	1	18048
248	161	214	1496	658	26	28	FULL	1	20779
277	206	78	2268	1060	0	0	FULL	1	21397
316	257	92	3517	2342	0	0	FULL	1	31174
337	237	107	2210	919	0	0	FULL	2	5686
357	244	109	1254	250	0	0	FULL	1	25481
309	214	128	5108	894	14	13	FULL	1	21586
329	164	139	4537	1170	0	0	FULL	2	24017
319	150	198	6859	2000	0	0	FULL	2	15850
392	205	143	3197	608	13	13	FULL	1	8700
259	245	135	5661	2000	19	19	FULL	3	11233
354	268	89	4063	1031	8	10	FULL	4	5151
194	150	155	3649	2000	0	0	FULL	4	8157
185	143	170	220	409	29	29	FULL	2	19993
246	127	210	5434	2000	0	0	FULL	1	7471
276	185	166	807	250	0	0	FULL	5	25291
261	203	85	2416	1086	0	0	FULL	2	16854
258	155	301	11592	2008	0	0	FULL	4	2161
273	148	235	484	250	0	0	FULL	1	14937
382	258	96	4531	1072	0	0	FULL	3	6166
311	252	146	7314	2000	0	0	FULL	2	26825
278	137	171	695	606	36	39	FULL	4	1994
410	231	121	3220	1152	0	0	FULL	1	21297
258	138	155	3910	2000	0	0	FULL	1	17366
221	146	294	9737	2000	0	0	FULL	1	17844
312	183	148	1895	975	0	0	FULL	1	13992
283	192	211	9039	2000	0	0	FULL	3	24080
375	295	77	799	364	18	21	FULL	4	11851
296	200	127	4575	899	0	0	FULL	2	6704
269	186	170	6188	2000	36	39	FULL	2	727
320	224	118	4836	884	0	0	FULL	2	5961
215	141	115	2362	2600	0	0	ALL_EDGES	1	10638
285	198	168	6697	1238	0	0	FULL	2	31832
212	147	240	7147	515	40	38	ALL_EDGES	2	31594
235	159	254	8854	2000	0	0	FULL	3	3740
280	171	251	2028	635	22	24	FULL	5	20226
244	177	173	5760	2000	0	0	FULL	3	1091
330	245	106	2703	1266	0	0	FULL	2	19616
292	162	159	5107	1214	0	0	CORNERS	2	7085
241	149	319	11764	2000	23	22	FULL	1	10956
389	251	107	2677	1059	29	26	FULL	2	19389
258	182	159	1207	762	0	0	FULL	1	17517
365	168	171	6667	2000	10	6	FULL	1	8300
401	293	97	5405	1031	0	0	FULL	1	11516
332	224	128	5510	1167	0	0	FULL	1	22122
333	178	161	674	346	29	34	FULL	3	26904
291	251	116	3536	1366	0	0	FULL	2	31545
278	159	125	3421	2000	0	0	ALL_EDGES	5	29760
246	149	179	5050	2000	32	32	FULL	2	7751
333	248	127	6069	2000	0	0	FULL	2	31120
250	176	263	10591	2000	27	28	FULL	2	28694
301	171	223	9016	2000	0	0	FULL	2	20347
256	135	130	1908	806	0	0	FULL	1	13616
265	167	261	10269	2000	0	0	FULL	4	26532
277	175	195	7277	2000	0	0	FULL	1	29938
252	167	131	3657	2600	0	0	FULL	3	24767
305	180	192	7623	2000	0	0	FULL	1	19095
212	167	212	990	659	0	0	FULL	1	29488
292	177	224	9142	2000	0	0	FULL	1	31227
393	280	105	5635	1066	16	24	FULL	2	31343
263	210	81	2362	848	11	4	FULL	2	1269
206	142	257	1020	423	0	0	FULL	2	9247
331	258	123	5985	1133	0	0	FULL	1	27589
243	193	160	1072	694	0	0	FULL	1	26490
300	214	179	8153	1884	0	0	FULL	1	2329
291	195	97	1182	759	0	0	FULL	1	21036
226	210	221	1165	297	0	0	FULL	4	1505
283	213	190	8613	2000	37	40	FULL	1	29955
285	228	178	2323	447	22	20	FULL	1	14032
413	223	114	5239	831	0	0	FULL	2	9450
236	208	192	7771	2000	22	24	FULL	3	17505
368	259	120	6187	848	0	0	FULL	1	13679
273	202	208	4508	250	25	31	FULL	5	20228
353	241	135	6635	1164	6	5	ALL_EDGES	1	2480
289	255	128	5880	2000	0	0	ALL_EDGES	3	17905
243	194	96	2637	1197	0	0	FULL	1	5066
274	178	92	2448	1105	11	16	FULL	3	15762
217	161	242	2337	520	26	23	FULL	1	13588
368	245	106	2821	620	14	17	FULL	2	28491
250	245	189	1575	429	0	0	FULL	1	19106
327	232	158	1740	715	0	0	FULL	6	17714
357	221	146	6865	2000	0	0	FULL	4	25551
351	265	113	5617	854	0	0	FULL	1	4407
350	296	115	6480	832	0	0	FULL	2	10038
367	244	95	2099	880	12	9	FULL	3	24787
337	162	192	7287	2000	0	0	FULL	2	6913
289	160	206	693	350	0	0	FULL	1	20750
219	149	259	8262	2000	0	0	FULL	1	12224
309	234	166	1416	408	0	0	FULL	1	16454
321	155	170	5712	2000	7	10	FULL	1	14566
275	161	215	7638	1285	27	29	FULL	2	6947
248	208	145	5272	2000	27	26	ALL_EDGES	3	8151
235	181	106	2808	1184	0	0	ALL_EDGES	3	25551
372	208	123	5139	1147	14	15	FULL	1	31719
238	188	235	2740	586	0	0	FULL	1	6793
327	204	112	2077	250	15	21	FULL	1	3804
343	295	94	4721	805	13	12	FULL	2	17704
220	173	196	6405	2000	27	31	ALL_EDGES	1	502
243	198	177	6613	2000	0	0	FULL	2	27211
221	165	206	6540	2000	0	0	FULL	1	18479
297	238	106	4192	1887	0	0	FULL	1	26395
189	115	298	1586	852	0	0	FULL	2	25682
208	162	133	3298	2000	0	0	FULL	2	18876
280	194	211	1943	470	0	0	FULL	6	12643
279	172	249	552	257	0	0	ALL_EDGES	1	28991
305	228	136	1349	439	0	0	FULL	2	7121
315	302	89	1844	974	0	0	FULL	1	20
259	156	187	5812	2600	26	31	FULL	2	11590
237	171	111	2857	1190	0	0	FULL	1	21188
263	179	160	5370	2000	0	0	FULL	4	17622
244	128	175	4246	1221	25	29	FULL	2	10291
305	201	188	8291	1222	0	0	FULL	1	12819
262	155	185	5752	1137	0	0	FULL	2	6363
230	137	303	9699	2000	23	22	FULL	1	26143
322	188	190	1311	631	0	0	FULL	1	32001
372	192	147	6163	904	6	9	FULL	1	22950
297	190	151	5601	2000	0	0	FULL	2	11993
346	304	91	4617	1071	0	0	FULL	3	6357
243	176	269	241	725	0	0	FULL	1	19258
277	224	185	241	740	23	19	FULL	2	116
254	167	178	5730	2000	0	0	FULL	1	2403
297	193	184	7570	2000	41	38	FULL	1	22891
185	152	160	454	381	21	26	ALL_EDGES	3	11232
262	189	172	6298	2000	0	0	FULL	2	31212
242	190	98	2668	898	13	18	FULL	1	1105
218	170	121	3087	2000	0	0	FULL	2	22818
228	150	278	665	343	0	0	FULL	1	1976
409	194	133	2247	519	0	0	FULL	1	6970
258	179	248	1299	458	0	0	FULL	1	28922
314	261	116	1814	688	9	10	FULL	4	18240
263	240	136	2048	843	0	0	FULL	2	31384
299	224	113	1492	250	0	0	ALL_EDGES	1	4643
305	159	176	5933	2000	9	6	FULL	1	19155
259	211	192	8232	2000	0	0	FULL	5	1917
321	231	101	3960	841	39	41	FULL	1	30194
202	107	300	7013	2000	21	23	FULL	6	20874
285	236	157	7171	2000	21	17	ALL_EDGES	3	18490
284	204	200	8797	2000	22	17	FULL	1	3808
183	152	198	5126	2000	0	0	FULL	2	13946
384	261	75	3180	621	17	19	FULL	1	18738
178	141	140	87	321	0	0	ALL_EDGES	1	30637
288	166	242	402	342	28	28	FULL	3	21621
276	187	166	6052	2000	28	27	FULL	3	14334
289	193	206	8855	2000	0	0	FULL	1	27957
364	252	82	3397	1012	14	15	ALL_EDGES	1	11113
282	182	146	682	405	0	0	FULL	3	27477
365	312	101	2691	842	0	0	CORNERS	1	1996
211	165	159	407	250	17	23	FULL	5	13592
180	133	188	4126	1289	0	0	FULL	2	22539
247	220	120	793	417	0	0	FULL	3	32060
256	181	163	5475	2000	0	0	FULL	1	23613
276	200	154	824	250	0	0	FULL	2	24814
185	183	281	10355	2000	0	0	FULL	1	23522
276	220	124	4672	2000	0	0	FULL	1	17390
245	125	148	643	432	0	0	FULL	4	19145
334	223	154	3174	250	0	0	FULL	2	10492
291	224	131	5295	2000	5	5	FULL	1	1222
238	154	123	2983	2000	18	26	FULL	4	21863
343	206	163	7360	2000	17	15	FULL	3	25595
290	243	150	6972	2000	1	2	FULL	1	23147
256	140	182	5005	2000	31	28	FULL	1	20400
301	224	142	6042	2000	14	12	FULL	3	11416
241	129	240	307	250	0	0	FULL	5	17034
206	132	166	3667	2000	32	34	ALL_EDGES	2	31656
376	193	131	5263	1104	32	24	FULL	7	1676
415	311	66	3281	634	0	0	FULL	1	31647
235	162	119	513	953	18	21	FULL	3	23096
315	252	146	2518	526	0	0	FULL	6	17224
367	221	141	6670	1167	0	0	FULL	2	2054
255	189	114	3415	2000	0	0	FULL	1	17694
306	155	220	4158	1293	20	22	FULL	2	10145
303	219	129	5151	906	11	16	FULL	2	28385
276	249	174	744	305	0	0	FULL	2	5945
307	159	174	5882	2000	0	0	FULL	5	25900
456	323	78	4600	250	0	0	ALL_EDGES	1	12774
371	220	116	5006	1934	14	15	FULL	2	20285
235	158	122	2997	2000	0	0	FULL	1	14097
226	186	107	562	416	0	0	FULL	1	21381
288	187	157	5780	2159	0	0	FULL	6	31312
346	177	139	5032	1156	0	0	FULL	2	32389
274	190	203	8232	2000	33	38	FULL	7	3844
299	207	137	5346	2000	0	0	ALL_EDGES	1	17393
266	163	149	4478	2000	20	16	FULL	2	31283
262	188	214	8610	2000	0	0	ALL_EDGES	1	7714
294	192	187	1974	402	29	31	FULL	4	18039
347	267	91	4139	1041	0	0	ALL_EDGES	1	6317
326	202	114	4162	888	8	8	FULL	4	27366
314	161	228	8935	1211	26	25	FULL	4	734
299	216	117	1005	250	15	14	FULL	2	10633
256	171	262	10453	2000	0	0	FULL	1	31688
321	220	162	7555	2000	0	0	FULL	2	29862
275	201	136	4890	2000	0	0	FULL	1	595
239	206	173	6587	2000	0	0	ALL_EDGES	3	18669
235	168	88	2009	896	0	0	ALL_EDGES	2	15651
227	142	327	11161	2000	23	24	ALL_EDGES	1	6914
353	252	130	6532	1154	14	20	FULL	1	22537
309	128	215	6477	2000	22	26	ALL_EDGES	5	30499
316	222	135	1624	460	0	0	FULL	4	29387
220	129	263	7320	1182	0	0	FULL	2	10991
325	256	139	1610	684	0	0	FULL	2	289
463	322	77	4542	477	0	0	FULL	1	23243
263	190	90	976	250	0	0	FULL	4	24317
330	213	149	913	394	16	20	FULL	4	3722
214	162	244	671	250	25	26	FULL	3	19716
339	240	141	3484	297	14	17	FULL	3	18962
300	215	179	368	343	0	0	FULL	1	6146
231	162	201	6330	2000	0	0	FULL	2	22613
254	163	132	819	431	0	0	FULL	7	2677
254	213	83	742	250	7	10	FULL	2	23248
328	245	131	6184	1200	8	6	FULL	1	6746
353	251	129	6520	1130	0	0	FULL	2	21859
349	190	144	5681	1198	0	0	FULL	4	23577
350	213	101	3802	1097	0	0	FULL	2	10816
261	179	118	1320	1009	0	0	FULL	2	11645
307	227	136	5880	2000	17	17	ALL_EDGES	1	17067
402	304	94	4324	729	0	0	ALL_EDGES	1	30164
302	181	193	2079	250	0	0	FULL	1	22996
349	192	172	2380	526	0	0	FULL	2	377
263	188	131	793	646	0	0	FULL	1	10847
237	151	154	599	395	37	37	FULL	2	16109
242	189	121	1006	842	0	0	FULL	1	19446
351	261	126	6451	1123	13	19	FULL	1	12427
282	255	166	8460	2000	0	0	FULL	1	12111
161	137	203	4500	2000	23	25	FULL	3	19548
280	200	170	6802	2000	0	0	FULL	3	31023
307	171	162	5703	2000	0	0	FULL	3	9297
329	231	151	7222	2000	0	0	FULL	5	13223
348	257	95	4207	1061	0	0	ALL_EDGES	2	31407
281	235	129	5338	2000	34	34	FULL	1	7449
319	240	137	6415	2000	0	0	FULL	4	5293
323	249	130	6226	1192	0	0	FULL	8	4934
341	236	143	6934	904	0	0	FULL	2	28985
277	216	109	3809	1162	0	0	FULL	8	28722
400	283	93	4819	1039	18	18	FULL	1	1774
317	205	116	4245	1152	12	16	FULL	4	449
306	195	143	1547	473	0	0	ALL_EDGES	3	8042
270	191	185	7172	2000	0	0	ALL_EDGES	1	9162
261	175	252	10177	1269	20	23	ALL_EDGES	1	22173
232	176	209	7293	2000	21	28	FULL	2	23639
230	130	184	390	478	0	0	FULL	1	12449
246	211	163	6332	2000	0	0	FULL	1	29142
337	276	124	6532	1143	13	10	FULL	1	32092
358	257	103	4816	1097	0	0	ALL_EDGES	2	32127
413	185	157	6924	1188	0	0	FULL	1	5147
274	220	125	4702	2000	0	0	FULL	1	29610
300	161	156	4987	2000	19	14	ALL_EDGES	1	748
226	150	133	3168	2000	28	23	FULL	1	14557
241	105	178	3519	2000	20	25	FULL	2	5574
278	165	184	6332	1196	5	1	FULL	4	14984
380	237	133	2052	250	0	0	FULL	2	7594
223	190	178	6075	2000	0	0	FULL	3	270
373	203	153	6865	1209	13	10	FULL	3	24007
294	287	101	4675	1111	9	10	FULL	1	26450
288	184	142	1275	797	0	0	ALL_EDGES	6	2881
396	263	110	5750	823	0	0	FULL	1	22070
267	174	160	5340	2000	0	0	FULL	1	12774
296	234	151	6930	2273	18	18	FULL	3	25141
392	223	120	5481	1124	0	0	FULL	1	2024
302	256	110	4811	1175	0	0	ALL_EDGES	4	6625
251	177	258	10476	1319	0	0	FULL	1	14521
187	116	208	2943	2000	0	0	FULL	7	12045
176	119	217	4450	2600	0	0	FULL	2	14621
268	173	206	7571	2000	0	0	FULL	1	32470
351	252	129	6543	884	10	11	ALL_EDGES	1	16181
343	206	106	3930	1094	0	0	FULL	1	9780
304	200	157	1016	389	0	0	FULL	1	28861
318	264	101	4513	1080	36	40	FULL	3	20292
296	190	151	5610	2000	19	24	FULL	4	18949
291	223	177	8234	2000	42	42	FULL	3	20459
250	129	232	6517	2000	0	0	FULL	1	2169
224	167	121	855	686	9	4	ALL_EDGES	1	3716
316	221	122	1300	588	6	9	FULL	4	12105
298	205	139	3315	250	17	24	FULL	2	11340
229	172	215	7429	2000	0	0	FULL	2	5747
325	146	241	1989	802	0	0	FULL	1	763
283	234	158	7224	2000	0	0	FULL	4	29369
242	184	78	1876	863	14	16	ALL_EDGES	2	5664
241	151	97	2072	1144	0	0	FULL	1	14027
257	140	263	2204	250	11	10	FULL	3	3041
304	259	83	3217	845	0	0	FULL	2	8834
373	286	89	4427	825	13	11	FULL	1	18483
208	140	156	423	250	0	0	ALL_EDGES	1	2493
269	155	179	157	311	0	0	FULL	2	26311
334	164	119	3633	869	11	5	FULL	1	22793
270	199	213	954	369	32	33	FULL	1	6244
294	200	127	547	477	0	0	FULL	1	26612
371	288	112	2040	477	0	0	FULL	3	15234
352	247	132	6601	1161	0	0	ALL_EDGES	2	9828
255	212	157	6111	2000	20	18	ALL_EDGES	1	26649
318	227	76	1727	1266	0	0	FULL	3	29082
198	162	173	357	454	0	0	ALL_EDGES	3	31562
219	123	167	3577	2000	0	0	FULL	6	8535
250	187	139	4465	2000	0	0	FULL	2	32237
300	241	146	6772	2000	0	0	FULL	1	8161
278	128	211	412	320	0	0	FULL	1	13434
341	269	81	3495	784	0	0	FULL	3	12286
379	286	106	3013	1137	13	15	FULL	1	24219
314	186	146	5372	2000	0	0	FULL	1	31999
328	216	119	4811	1151	15	13	FULL	4	16129
364	198	118	4564	1142	0	0	FULL	1	31986
294	165	93	2389	1101	0	0	FULL	1	24526
245	159	167	4901	2000	25	27	FULL	2	7765
254	167	272	10672	2000	24	25	FULL	2	25378
267	189	168	6179	2000	27	25	FULL	1	26278
348	230	144	3277	1170	0	0	FULL	2	24121
207	165	131	3285	1961	26	28	FULL	1	29694
253	187	95	2583	1172	13	9	FULL	2	10884
351	227	119	2090	966	0	0	FULL	2	31299
262	166	195	6672	1239	26	27	FULL	1	20691
252	189	178	646	589	0	0	ALL_EDGES	2	1398
315	225	162	7636	1193	19	21	FULL	3	10156
277	236	176	1552	250	0	0	FULL	1	6322
337	128	150	4023	2000	12	12	FULL	1	24992
252	147	121	666	719	0	0	FULL	1	23217
201	143	226	6168	2000	25	27	FULL	2	4239
220	153	132	1089	250	20	18	FULL	1	10553
277	122	339	11350	2000	0	0	FULL	2	15196
231	98	155	2625	1223	38	40	FULL	1	30527
230	203	182	6859	2000	0	0	FULL	2	1789
330	237	153	7584	2000	0	0	FULL	1	26417
261	191	131	4264	2000	0	0	FULL	1	18539
243	169	209	7123	2600	25	27	FULL	3	2529
228	171	242	8787	2000	0	0	FULL	2	7145
358	184	129	4777	1125	0	0	ALL_EDGES	1	32136
257	187	115	3415	2000	0	0	FULL	3	27366
266	228	140	5703	2000	22	24	FULL	2	4021
376	295	77	3680	355	17	21	ALL_EDGES	2	29111
257	153	165	4764	2000	26	25	FULL	3	10307
268	228	123	1072	535	0	0	FULL	1	15119
323	230	128	5586	878	0	0	FULL	4	29018
308	157	238	9188	2000	29	29	FULL	2	31875
318	231	115	4802	1116	12	14	FULL	1	12363
260	175	231	8946	1243	0	0	FULL	1	15822
354	251	96	2065	250	0	0	FULL	1	27666
244	172	154	4732	2000	0	0	ALL_EDGES	3	29186
303	211	133	5236	1777	7	10	FULL	1	22765
222	180	164	5083	2000	20	28	FULL	1	10821
316	148	96	2344	1123	0	0	FULL	1	7259
296	188	99	2986	1092	17	17	FULL	3	23500
328	218	161	7452	2000	0	0	ALL_EDGES	2	6369
279	259	160	8004	2000	22	34	FULL	3	31502
239	158	119	2938	1298	0	0	FULL	1	4994
303	250	158	1332	461	19	17	FULL	2	22524
264	187	153	1665	535	20	17	ALL_EDGES	1	32376
287	146	202	6511	2000	0	0	FULL	1	25747
357	215	150	6957	1193	13	15	FULL	2	31982
262	188	243	10428	1578	0	0	FULL	4	31482
251	223	134	5055	2000	35	31	FULL	1	8872
340	165	134	1635	986	16	19	FULL	1	29364
341	243	127	2772	1124	13	12	FULL	4	16293
191	131	342	2677	250	21	25	FULL	3	19686
394	226	95	2456	629	13	15	FULL	1	21553
289	190	155	5746	2000	0	0	FULL	3	30550
178	178	141	351	349	0	0	FULL	3	9280
310	224	123	4998	1152	11	9	FULL	3	18468
159	114	358	8489	2000	20	14	FULL	1	15503
435	189	104	2465	1186	0	0	FULL	3	165
240	158	198	6180	2000	0	0	FULL	2	16263
408	281	83	3534	250	0	0	FULL	3	30414
262	183	177	6383	1248	0	0	FULL	6	21496
343	220	99	3817	1077	15	27	FULL	4	23001
272	193	200	8200	2000	30	32	FULL	1	26093
264	169	145	4439	1167	0	0	FULL	4	23051
195	107	266	5709	2000	21	24	FULL	4	29325
347	273	127	6792	847	0	0	FULL	1	2283
216	139	281	4573	1593	0	0	FULL	1	17436
239	131	304	9538	2000	23	24	FULL	4	5491
278	212	194	8774	2000	0	0	FULL	2	13136
204	182	175	5453	2000	0	0	FULL	2	18815
229	170	116	270	301	0	0	ALL_EDGES	2	23395
316	219	109	1305	805	0	0	FULL	1	10782
223	130	225	5876	2000	23	29	FULL	6	22939
210	133	126	2492	2000	0	0	FULL	8	24987
264	221	179	1249	482	0	0	FULL	3	11738
284	232	114	2032	1113	0	0	FULL	1	27335
262	203	198	8305	2600	0	0	FULL	2	9882
319	196	184	1598	529	4	7	FULL	4	6841
279	215	125	2025	1131	0	0	FULL	2	15966
346	251	121	1701	789	0	0	FULL	2	6429
277	172	250	10308	2000	0	0	FULL	1	3569
205	143	187	247	250	0	0	FULL	2	9864
326	194	182	1207	430	23	24	FULL	3	30445
229	137	144	1588	1144	28	33	FULL	1	21433
259	205	122	4140	2000	15	15	ALL_EDGES	2	4764
266	234	120	1680	554	11	9	FULL	2	15854
226	212	115	715	508	19	19	FULL	2	29712
237	185	172	5820	2000	0	0	FULL	2	28613
245	220	196	8515	1263	0	0	FULL	2	18851
313	205	117	4282	850	0	0	FULL	2	4155
250	228	202	1368	250	40	37	FULL	4	2925
317	183	129	4462	2000	0	0	FULL	2	32360
263	193	109	3294	1188	0	0	FULL	1	29865
368	271	120	6456	847	14	16	FULL	1	4040
343	237	141	6877	866	0	0	FULL	3	1265
256	182	118	3470	2000	0	0	FULL	1	17538
339	229	109	4547	829	0	0	ALL_EDGES	1	11498
213	173	123	954	250	0	0	FULL	2	28872
364	283	102	5271	816	16	23	FULL	8	3572
309	159	91	2313	1322	0	0	FULL	1	24415
265	182	219	955	250	27	33	FULL	3	32092
251	200	169	935	606	0	0	FULL	1	15994
334	212	120	2142	869	12	18	FULL	7	31609
267	221	127	2752	1196	15	14	FULL	1	22360
331	225	74	1699	250	0	0	FULL	1	16159
320	244	135	6352	2000	0	0	FULL	1	32584
309	220	139	5928	2000	18	18	FULL	2	31751
293	144	224	7552	2000	21	24	FULL	2	11275
259	179	183	6519	2000	0	0	FULL	5	10918
278	174	114	3283	865	0	0	FULL	1	3714
251	109	128	2261	2000	17	17	FULL	3	21348
333	297	96	2726	639	0	0	FULL	1	12238
366	162	160	5833	1228	13	15	FULL	3	11465
335	207	122	4811	1164	0	0	FULL	2	32079
250	157	240	1501	250	0	0	ALL_EDGES	1	24868
295	199	127	4590	900	0	0	FULL	3	1344
325	212	167	7613	2600	18	16	FULL	1	16906
325	217	135	1377	565	17	21	FULL	1	2528
285	187	198	892	360	32	34	FULL	2	17788
268	197	179	7096	2000	0	0	FULL	2	1634
384	210	148	6972	1060	13	14	FULL	1	31476
221	180	114	2979	2000	18	18	FULL	4	2469
237	155	231	7565	2000	22	23	FULL	3	18510
318	199	190	3624	1017	20	19	FULL	1	2202
248	191	222	210	274	27	25	FULL	1	14716
249	190	159	5482	1227	20	20	FULL	5	837
288	200	131	4687	2000	17	16	FULL	1	3707
203	191	167	2385	610	0	0	FULL	3	17149
185	140	368	11713	2000	0	0	FULL	3	20061
233	104	228	643	395	0	0	FULL	2	1047
358	219	147	1610	428	4	8	FULL	6	27573
302	152	208	931	571	0	0	FULL	1	25567
270	181	134	851	425	0	0	FULL	1	10692
261	161	131	3602	1512	17	16	FULL	1	18907
341	226	123	3914	806	15	11	FULL	5	1022
260	137	126	2907	1401	7	7	FULL	4	15237
238	216	223	2691	815	12	10	FULL	2	27106
301	227	125	5100	364	5	10	ALL_EDGES	9	15199
209	151	334	11707	2000	22	23	FULL	1	4003
333	231	136	2142	734	0	0	FULL	1	18276
244	151	150	3954	2000	19	21	ALL_EDGES	3	28634
267	252	111	1807	250	12	15	FULL	2	32099
220	150	228	1432	887	26	29	FULL	4	16426
317	216	153	6762	2600	5	1	FULL	4	12583
273	200	174	6944	2600	19	21	FULL	2	15836
248	180	123	3586	1152	11	14	FULL	1	25956
303	239	103	4320	2287	0	0	FULL	1	26916
291	227	144	6175	2000	0	0	FULL	2	26202
189	123	193	4090	2000	27	28	FULL	1	20485
300	175	144	1005	250	0	0	FULL	1	16
206	139	227	682	915	26	25	FULL	2	27078
257	191	193	7486	2000	30	25	FULL	1	16579
352	177	104	1345	948	10	13	FULL	1	7089
360	178	148	5671	400	12	5	FULL	2	28835
234	231	139	5317	2000	0	0	FULL	3	8764
237	163	195	592	485	0	0	FULL	3	27281
364	273	115	1529	521	0	0	FULL	1	3510
377	184	166	7084	1194	17	17	FULL	2	31816
291	164	137	949	250	5	8	FULL	3	16928
251	248	186	9004	2600	0	0	FULL	1	31630
264	215	114	3978	1166	8	9	FULL	5	20444
265	120	142	3037	1187	0	0	FULL	1	8240
298	220	144	1681	823	0	0	ALL_EDGES	1	3117
255	198	168	357	364	28	29	FULL	3	23472
293	217	165	7255	2000	0	0	FULL	2	16008
261	181	138	4361	2000	19	23	FULL	1	2319
346	247	134	1759	750	6	6	FULL	1	10779
337	253	141	3204	250	13	16	FULL	1	21580
277	217	200	9288	2000	0	0	FULL	1	26507
342	303	101	5397	1094	12	11	FULL	2	21929
253	165	155	4667	2000	0	0	FULL	5	12329
329	197	177	7774	2000	19	22	FULL	1	11821
327	215	135	1662	489	0	0	FULL	2	10165
242	143	129	742	782	20	23	FULL	1	1380
227	210	94	2700	1385	0	0	FULL	2	32228
292	212	186	1242	610	0	0	FULL	2	2970
274	244	171	1391	395	41	42	FULL	2	409
144	129	189	941	250	0	0	FULL	1	251
295	225	128	5202	318	12	8	FULL	2	29651
320	208	172	1265	393	20	24	FULL	1	26070
294	200	94	2931	1093	16	17	ALL_EDGES	2	18314
342	236	68	2359	721	17	18	FULL	2	15147
237	183	276	1668	250	0	0	FULL	1	19785
270	244	144	6412	2075	0	0	FULL	1	9097
283	184	201	8074	2000	32	32	FULL	3	18696
185	124	197	4162	2000	26	29	FULL	2	3955
300	217	130	1173	250	0	0	ALL_EDGES	2	23328
294	175	145	4882	1187	0	0	FULL	1	1433
248	175	174	5737	2600	0	0	FULL	2	8877
199	129	176	549	631	23	14	FULL	1	23840
249	165	183	5850	2000	0	0	FULL	3	11564
231	176	110	2875	2000	16	15	FULL	1	17879
277	215	126	4702	1139	6	8	FULL	2	31039
220	175	170	1150	491	0	0	FULL	2	19106
246	135	135	720	764	0	0	FULL	11	6587
363	269	77	2647	1191	15	16	FULL	1	7748
292	239	151	798	494	31	35	FULL	2	9787
258	162	155	4621	1804	29	26	FULL	2	6903
366	256	90	4020	797	0	0	FULL	2	319
329	213	122	4836	1144	50	46	ALL_EDGES	1	24390
246	197	174	1377	621	0	0	FULL	2	27449
324	263	124	6069	1176	0	0	FULL	3	20777
285	201	131	4725	1225	0	0	ALL_EDGES	5	21200
323	195	151	6032	2000	11	16	FULL	2	5604
433	273	97	5209	1032	0	0	FULL	2	25202
260	187	195	1339	438	12	7	ALL_EDGES	3	1647
251	187	160	5490	2000	0	0	FULL	1	29547
277	250	122	2431	671	0	0	FULL	1	30416
264	160	153	4550	1212	0	0	FULL	1	27461
351	309	106	5968	1100	16	15	FULL	2	9582
329	218	118	2159	571	0	0	FULL	1	32288
386	272	110	2564	526	17	23	FULL	2	896
355	250	119	5712	1104	13	7	FULL	1	26496
276	216	143	994	471	0	0	FULL	1	16660
307	153	181	603	330	31	35	FULL	2	20138
316	252	107	4649	1096	0	0	FULL	3	8852
234	148	333	540	384	21	21	FULL	1	20283
316	248	152	7716	2000	16	12	ALL_EDGES	1	25345
280	255	120	1249	250	0	0	FULL	1	2126
198	157	177	2194	1341	22	19	FULL	1	29683
253	151	118	2848	2000	0	0	ALL_EDGES	1	29072
285	146	203	6545	2000	12	9	FULL	1	3007
303	242	156	2415	752	10	15	FULL	2	24699
267	134	236	1997	1047	26	28	FULL	3	32266
259	207	178	7191	2000	0	0	FULL	1	4883
257	187	177	6443	2000	0	0	FULL	2	1858
195	135	248	6526	2000	22	14	FULL	1	24228
340	269	132	3384	967	0	0	FULL	2	23926
310	228	106	4117	1111	10	11	FULL	2	27405
365	213	96	3652	1063	0	0	FULL	1	18474
351	194	139	5595	1153	0	0	FULL	1	26380
290	208	140	1266	720	5	9	ALL_EDGES	1	26259
202	149	149	3523	2000	27	32	FULL	2	30211
226	164	309	11948	2000	23	25	FULL	1	1601
294	208	122	4507	1189	11	7	FULL	1	12909
301	173	125	3906	1213	11	13	FULL	1	11398
273	224	156	6602	1678	46	48	ALL_EDGES	2	25529
316	211	158	514	250	0	0	FULL	2	3871
265	176	139	4348	1705	19	22	FULL	2	19350
239	183	126	3685	2000	20	20	ALL_EDGES	2	2335
237	172	185	6022	1193	0	0	FULL	1	23491
315	226	161	7601	2000	0	0	LONG_EDGES	4	22600
217	125	166	3577	1903	29	33	FULL	2	24150
246	150	229	7403	2000	0	0	FULL	2	26782
285	219	185	1506	429	0	0	ALL_EDGES	3	27409
278	126	242	7182	2000	22	20	FULL	2	22253
393	296	99	5485	1019	0	0	FULL	2	1592
307	255	96	1350	361	0	0	FULL	1	22138
262	155	210	1530	485	0	0	FULL	1	29693
252	183	229	9030	2000	25	27	FULL	2	19446
252	179	210	7856	2000	0	0	FULL	2	15127
268	228	107	1144	644	0	0	FULL	1	9452
269	146	217	6919	2000	0	0	FULL	4	3723
384	125	239	759	250	30	28	FULL	4	5126
318	208	83	1611	989	0	0	FULL	1	11449
191	153	154	3667	2000	23	30	FULL	1	30580
225	162	124	1102	1059	19	21	FULL	2	32081
319	239	112	4717	841	9	4	ALL_EDGES	2	1395
335	229	151	7164	2000	6	9	FULL	2	7650
266	146	166	4706	2000	11	13	FULL	1	24070
351	278	118	6256	1105	9	10	FULL	5	28952
281	162	164	720	250	0	0	FULL	2	13179
234	214	150	5505	1228	39	40	FULL	3	8283
223	165	121	3060	2000	0	0	FULL	2	27561
333	243	105	4505	859	0	0	FULL	1	19114
323	230	114	4743	1120	0	0	FULL	2	3676
191	174	286	10288	2000	0	0	FULL	2	30342
353	159	115	3497	856	11	15	FULL	3	13757
318	315	85	4165	1088	18	16	FULL	2	9193
270	180	175	994	615	0	0	FULL	3	6166
293	228	157	7087	2000	19	27	FULL	2	26751
268	227	90	2997	852	0	0	FULL	2	4464
309	262	129	6331	1191	0	0	FULL	1	18741
325	242	95	3405	1080	0	0	SHORT_EDGES	1	1161
379	192	158	2955	901	17	15	FULL	3	32383
311	219	110	4177	885	14	13	FULL	3	9921
430	298	90	4703	710	15	18	FULL	1	27897
158	111	256	1098	552	21	17	FULL	2	11423
303	282	111	5396	1131	18	16	FULL	2	2840
233	154	294	1564	560	0	0	FULL	4	27603
240	152	206	1477	699	0	0	FULL	2	23030
241	208	230	10131	2000	0	0	FULL	3	11655
351	173	140	1445	790	8	14	FULL	2	14149
292	176	166	629	335	0	0	FULL	1	19195
324	241	154	7668	1204	0	0	FULL	1	19149
296	202	142	5457	2000	2	11	ALL_EDGES	3	10887
277	233	148	6403	1199	26	23	ALL_EDGES	1	10664
299	216	85	2783	1095	0	0	FULL	1	30929
270	194	230	10032	2195	0	0	FULL	3	30139
463	298	76	4116	752	18	20	FULL	2	10094
230	175	162	4972	2000	0	0	FULL	4	31937
241	150	180	1111	404	25	33	FULL	1	4451
318	250	132	3937	1453	15	15	FULL	2	4987
252	191	155	690	409	33	36	ALL_EDGES	3	13907
394	227	84	3315	978	17	19	FULL	4	26508
320	210	97	3380	1100	13	11	FULL	2	15571
232	182	225	8426	2000	0	0	FULL	2	21415
289	229	144	5605	1219	17	17	FULL	1	31080
316	248	146	7256	2000	0	0	FULL	3	5337
251	170	152	1254	250	0	0	ALL_EDGES	2	15912
232	164	224	7531	2000	33	35	ALL_EDGES	2	26137
293	173	187	6954	553	0	0	FULL	2	30768
223	144	170	4367	2000	0	0	FULL	4	30352
314	181	212	9012	2000	21	18	FULL	3	14338
281	173	195	7220	2000	25	29	FULL	2	14022
245	259	165	1029	565	34	39	FULL	2	21676
283	197	152	994	608	0	0	FULL	4	19008
266	154	232	8018	2000	26	32	FULL	1	15735
394	232	125	2311	250	13	9	FULL	5	20310
348	167	198	7981	2000	23	20	FULL	1	4839
313	223	122	561	321	0	0	FULL	1	1410
241	164	114	652	448	0	0	FULL	1	12891
374	241	128	8958	427	0	0	FULL	5	3439
237	184	195	289	291	0	0	FULL	1	11231
442	199	62	2013	377	0	0	FULL	1	1146
306	266	148	2244	250	0	0	ALL_EDGES	3	15317
203	125	177	3802	2000	0	0	FULL	2	25506
339	251	141	2124	667	0	0	FULL	4	12005
248	145	125	2961	2000	33	37	FULL	2	2942
281	265	155	2288	922	0	0	ALL_EDGES	2	9072
436	224	97	722	356	0	0	ALL_EDGES	3	22685
307	235	118	1334	779	0	0	FULL	3	13716
284	171	175	484	295	29	30	FULL	1	3748
327	235	150	7222	2000	0	0	FULL	6	26374
247	208	166	1275	250	0	0	ALL_EDGES	2	374
324	239	110	1972	1005	11	11	FULL	1	7797
315	201	135	5176	1162	49	53	FULL	2	4757
345	261	94	4207	1082	0	0	FULL	3	18168
264	169	145	1391	763	11	10	FULL	2	26874
287	211	198	9096	2000	0	0	FULL	1	18952
311	157	154	4875	2000	0	0	FULL	1	30591
314	209	159	6909	2000	18	20	FULL	1	18547
311	273	100	2754	250	0	0	ALL_EDGES	2	23414
236	163	194	6165	2000	23	18	FULL	2	24457
329	246	93	1867	250	12	14	ALL_EDGES	2	16962
297	175	144	4830	2000	0	0	FULL	1	2420
195	152	218	2164	1096	0	0	FULL	3	19573
273	133	234	7123	1250	0	0	FULL	1	11284
272	186	169	6137	2000	0	0	FULL	8	18074
237	202	239	10396	2000	0	0	FULL	1	30216
329	246	93	3765	1190	13	16	ALL_EDGES	1	2770
303	220	113	4282	1094	12	16	ALL_EDGES	1	15634
322	226	158	7452	2000	17	20	FULL	2	18467
261	186	236	1966	250	0	0	FULL	3	10263
371	251	102	1320	418	0	0	ALL_EDGES	2	12052
339	262	96	4275	1102	15	17	FULL	4	24471
212	170	125	3177	2000	5	3	FULL	1	6114
257	80	266	1012	250	0	0	FULL	2	12640
283	170	156	5130	2000	25	27	FULL	1	8066
369	210	149	6808	1145	13	16	FULL	2	30670
258	192	231	9832	2000	0	0	FULL	1	2357
243	170	205	1632	854	9	13	FULL	1	7410
388	207	144	3243	1173	0	0	FULL	1	28744
314	217	124	4998	904	0	0	FULL	4	4467
258	162	107	805	811	0	0	FULL	1	2363
334	245	129	6090	1155	0	0	FULL	1	30480
321	231	114	4760	1168	0	0	FULL	2	27321
317	183	112	3620	1108	0	0	FULL	3	20614
317	226	160	2518	547	0	0	FULL	1	28056
236	217	146	637	379	32	32	FULL	1	17714
190	165	144	3568	2600	0	0	FULL	1	27386
252	175	193	6766	2000	0	0	FULL	1	12230
300	210	183	8234	2000	0	0	FULL	1	30699
280	219	138	1759	250	0	0	FULL	11	21982
366	268	107	3916	250	15	14	FULL	2	11236
207	177	315	12546	2000	0	0	FULL	6	20403
287	221	181	8372	2288	0	0	FULL	1	28271
261	198	224	9637	2000	0	0	FULL	2	11364
417	277	100	5359	2000	13	15	ALL_EDGES	4	4762
250	183	250	10350	2000	24	21	FULL	7	6890
280	245	226	3146	510	0	0	FULL	5	22670
318	264	184	2557	623	0	0	FULL	4	16651
329	282	135	7462	901	0	0	FULL	1	11119
301	226	183	1700	678	26	24	FULL	3	20225
362	237	182	10152	2000	8	9	FULL	11	32603
381	337	144	10656	1128	0	0	FULL	2	13999
406	239	170	9949	869	0	0	FULL	9	11075
288	220	212	10543	2000	24	27	FULL	2	21927
612	138	219	10360	1123	0	0	FULL	2	8782
303	198	273	14157	1258	0	0	CORNERS	1	8792
397	241	182	2817	791	17	15	FULL	2	15984
475	323	101	6851	792	15	16	FULL	1	16391
473	262	157	10569	1091	0	0	FULL	1	23882
315	174	265	12035	2022	0	0	ALL_EDGES	3	4009
342	306	158	2194	410	0	0	FULL	3	19430
280	211	228	11056	2000	32	29	FULL	5	13186
416	273	128	7583	855	0	0	FULL	1	27265
300	210	262	2706	250	0	0	ALL_EDGES	1	3194
440	240	118	4850	250	0	0	FULL	1	30436
269	267	174	9200	1253	26	23	FULL	3	30011
359	256	169	9858	1144	0	0	FULL	2	1367
443	367	120	9613	1059	11	13	FULL	1	13888
310	190	332	2418	495	0	0	FULL	1	6926
420	186	198	3084	250	0	0	FULL	1	5719
334	238	208	11946	2000	0	0	ALL_EDGES	1	27373
324	195	245	1410	365	24	30	FULL	1	18675
357	178	228	1319	250	33	33	FULL	2	3913
486	259	123	7424	1074	0	0	FULL	2	16041
486	292	124	5897	1384	0	0	ALL_EDGES	1	2399
314	286	173	10617	2000	21	23	FULL	1	2997
397	320	122	8106	1093	0	0	FULL	2	23324
368	231	170	1740	478	0	0	FULL	1	30823
349	223	186	9773	2000	0	0	FULL	1	19712
293	218	195	9325	2000	24	25	FULL	3	20547
459	316	134	9964	1069	0	0	FULL	1	14177
413	288	130	2294	572	5	9	FULL	1	22167
358	282	173	11252	2000	0	0	FULL	1	25424
316	272	204	12880	2000	21	20	FULL	2	28638
258	169	285	11775	1331	0	0	FULL	1	11464
349	295	141	8598	1169	0	0	FULL	1	4210
337	248	186	10602	2000	0	0	FULL	2	30862
353	308	143	9191	863	9	16	FULL	2	3315
326	208	273	2923	460	23	24	FULL	2	28556
305	205	313	17745	2000	25	34	FULL	3	5253
443	269	130	7936	311	0	0	FULL	5	24430
275	225	283	3500	512	22	26	FULL	1	22197
361	285	151	9346	1203	0	0	FULL	2	30225
549	319	89	2139	250	0	0	FULL	1	13474
352	296	120	1875	437	6	6	FULL	1	27759
408	245	165	5742	685	15	14	FULL	4	9183
414	249	131	7168	834	11	14	FULL	1	5089
395	283	174	12031	2000	0	0	ALL_EDGES	3	31938
326	233	192	10222	2000	39	38	FULL	1	8905
340	285	191	12783	2000	24	23	FULL	4	1097
372	227	195	2475	573	0	0	ALL_EDGES	1	2694
366	264	130	2212	641	0	0	ALL_EDGES	1	26413
329	150	333	14932	1290	0	0	FULL	1	4324
396	265	186	12382	1528	18	19	FULL	3	23514
309	298	211	14722	2000	0	0	FULL	5	1060
399	247	197	12694	2000	0	0	FULL	6	12478
400	209	174	8888	1214	16	15	FULL	1	1761
390	260	142	8207	865	0	0	FULL	2	14579
403	337	92	4962	250	0	0	ALL_EDGES	1	22946
491	292	115	1947	483	0	0	ALL_EDGES	1	5361
364	176	288	4088	800	0	0	FULL	2	15372
433	252	115	3575	250	13	11	FULL	3	28789
285	168	304	7279	1532	23	21	ALL_EDGES	1	21119
340	198	229	11640	2000	24	21	FULL	2	22634
351	214	166	1950	444	0	0	ALL_EDGES	3	6963
280	196	247	11461	2000	0	0	ALL_EDGES	4	9744
400	311	109	6669	844	12	13	FULL	2	11847
395	283	112	1525	480	41	45	FULL	3	4985
365	252	179	1930	250	16	18	FULL	1	1112
343	291	155	9687	2000	13	15	FULL	1	24237
316	333	176	5235	979	0	0	FULL	1	12856
292	183	290	2557	250	26	25	FULL	3	15489
382	248	206	2301	250	0	0	FULL	2	1310
372	268	135	7627	855	16	21	FULL	1	1557
351	243	216	13320	2421	0	0	FULL	1	32505
316	229	241	1627	392	0	0	FULL	3	24324
306	238	172	1062	378	0	0	FULL	2	27132
304	248	165	8500	2000	0	0	FULL	2	27356
322	228	183	1269	250	0	0	FULL	1	7343
400	289	134	8447	852	0	0	FULL	1	12142
289	248	202	11063	2000	30	36	FULL	1	24606
335	311	158	10527	2000	0	0	FULL	2	22860
462	305	138	10081	1108	0	0	ALL_EDGES	1	16405
406	281	170	11758	1216	15	18	FULL	4	18951
265	99	477	14737	2000	0	0	FULL	1	10473
437	143	281	12845	2000	0	0	FULL	1	2674
333	171	291	2062	250	0	0	FULL	2	26325
308	162	312	14027	2000	0	0	FULL	6	29990
416	293	160	11310	1144	0	0	FULL	3	29859
278	215	327	18895	1315	20	23	ALL_EDGES	1	13836
454	252	135	7982	1106	0	0	FULL	1	1764
337	193	238	11888	2000	0	0	FULL	1	17463
216	181	321	13487	2000	0	0	FULL	4	17971
252	192	258	2500	250	10	7	FULL	2	26622
263	207	248	11812	2000	0	0	FULL	1	21012
359	210	205	10772	2000	0	0	FULL	3	29527
357	211	232	4025	250	22	20	FULL	4	22260
478	271	150	5050	870	29	29	FULL	5	303
298	154	273	10800	2000	0	0	FULL	2	2622
418	350	119	8837	810	0	0	FULL	2	25338
435	219	184	10605	1219	0	0	FULL	1	26975
336	251	148	4437	701	0	0	FULL	4	18801
319	282	139	7675	884	6	10	FULL	1	31786
354	268	132	7137	859	0	0	FULL	1	19941
407	253	179	11414	1170	0	0	FULL	3	2919
282	200	275	7021	1425	0	0	ALL_EDGES	1	19866
316	236	208	11516	2000	19	24	FULL	1	6535
412	334	105	6960	1075	0	0	FULL	2	795
408	182	195	1334	250	18	25	FULL	3	27378
458	267	135	8464	1082	16	14	FULL	2	10609
316	205	224	11136	2000	13	15	FULL	1	25952
366	188	182	8150	1211	19	20	ALL_EDGES	1	11938
363	212	201	10633	2000	6	10	FULL	2	31228
346	228	197	10757	2000	0	0	FULL	1	24173
377	309	132	8618	1164	7	9	FULL	2	12218
380	238	204	12506	2000	0	0	FULL	1	26426
327	275	162	3726	902	0	0	FULL	2	25595
297	241	174	1675	519	0	0	FULL	2	4106
278	205	220	10100	2000	0	0	FULL	3	3340
362	303	141	9052	1183	0	0	FULL	2	26800
321	254	153	4562	728	15	16	FULL	1	22072
395	234	189	11200	2000	17	19	FULL	2	28226
312	167	279	12397	2000	0	0	FULL	3	10662
321	171	244	10705	2000	0	0	FULL	1	20715
321	272	155	8694	2000	16	20	FULL	1	23148
362	211	228	12740	2000	0	0	FULL	3	26759
336	264	208	3052	764	0	0	FULL	3	27347
297	211	200	9375	1248	0	0	FULL	4	11584
416	287	164	11427	1185	0	0	FULL	3	12439
334	247	152	7837	2000	0	0	FULL	3	4458
311	229	274	16536	2000	0	0	FULL	2	9200
327	173	326	1239	332	0	0	FULL	4	749
280	170	263	10925	2000	0	0	FULL	2	24378
352	188	234	11563	1221	34	37	FULL	1	5883
452	335	115	8400	835	16	15	FULL	2	8545
371	230	158	8194	1172	0	0	FULL	3	1988
416	292	165	11760	1141	0	0	FULL	1	22960
305	203	203	9325	2000	0	0	FULL	1	7544
388	329	121	3441	551	0	0	FULL	3	21385
261	155	309	3162	295	0	0	ALL_EDGES	1	12738
359	168	289	4427	1053	0	0	FULL	3	2072
381	220	149	4262	1154	14	21	FULL	1	32573
269	221	228	1822	296	0	0	FULL	1	27409
390	288	129	7859	850	9	15	FULL	5	4479
357	207	222	3085	250	0	0	FULL	3	4236
428	284	161	3256	604	0	0	FULL	3	32010
290	194	313	16292	2000	0	0	FULL	1	48
326	232	243	14541	1265	0	0	FULL	1	15469
303	187	239	10894	2000	0	0	FULL	2	14494
258	223	321	18407	2000	0	0	FULL	4	2082
469	303	141	10360	852	12	18	FULL	2	12647
398	210	186	6990	1249	0	0	FULL	1	28333
366	238	154	8167	1194	0	0	FULL	2	20458
371	295	132	8120	1110	0	0	FULL	1	24375
366	312	153	10535	913	14	13	FULL	2	31571
327	184	224	10192	2000	34	37	FULL	1	2502
337	233	184	1943	421	3	4	FULL	1	8684
265	200	235	1187	250	34	36	ALL_EDGES	5	12243
321	192	219	10179	1225	36	34	FULL	3	7069
399	206	188	9873	2000	0	0	FULL	5	12404
386	234	172	2464	453	0	0	FULL	1	11804
293	204	294	15767	2000	0	0	FULL	2	25920
336	230	214	3399	938	10	5	FULL	1	15975
356	204	200	3683	265	0	0	FULL	2	19460
395	295	107	6175	1049	12	13	FULL	1	7111
283	190	232	1725	430	0	0	ALL_EDGES	1	9589
269	179	260	1450	250	0	0	FULL	1	6915
364	313	163	11488	1148	0	0	ALL_EDGES	1	24091
369	248	159	8845	909	16	19	FULL	4	30521
359	320	127	8076	1119	8	10	FULL	1	7281
299	261	237	14948	1275	21	24	FULL	3	32442
401	266	117	6387	831	0	0	FULL	1	23664
351	187	190	8487	2000	0	0	FULL	3	4458
431	214	179	9900	1153	0	0	FULL	1	17159
406	274	113	6237	1536	0	0	FULL	1	18765
388	272	175	11544	2000	11	10	FULL	1	22959
395	277	141	8680	400	8	8	FULL	1	14463
318	193	268	1188	250	0	0	FULL	2	10709
298	254	258	16399	2000	0	0	FULL	1	18350
335	135	277	2487	705	0	0	FULL	1	22273
332	257	170	9584	2000	10	16	FULL	3	24068
313	230	270	1560	381	0	0	FULL	2	8422
329	219	269	15990	2000	32	35	FULL	1	21394
348	201	193	9247	2000	0	0	FULL	4	17363
310	242	167	8462	2000	0	0	FULL	1	13268
300	204	237	11701	2000	35	38	FULL	3	9751
353	238	173	9396	2000	0	0	FULL	3	463
479	389	99	8084	308	0	0	FULL	3	17283
392	312	159	7527	250	0	0	FULL	1	19248
350	188	221	10556	2000	0	0	ALL_EDGES	2	13261
358	235	196	1732	443	21	24	FULL	2	9173
344	289	176	11585	2000	19	21	FULL	1	16367
404	325	133	9450	840	0	0	FULL	1	10766
446	189	184	9284	911	0	0	FULL	2	19842
376	294	176	12382	2000	0	0	FULL	2	11706
376	265	126	6800	1138	15	14	FULL	2	22567
359	270	160	2278	707	5	5	FULL	1	4331
279	266	249	1054	432	29	28	FULL	1	7621
298	230	182	1112	372	0	0	FULL	1	28426
288	211	206	9637	2600	0	0	FULL	1	7999
310	236	171	8550	2000	0	0	FULL	1	18824
444	241	182	11641	910	14	16	FULL	1	16606
417	227	164	2914	680	9	7	FULL	1	19495
371	260	207	13760	1169	0	0	FULL	2	2582
312	244	204	11470	2000	23	24	FULL	4	22775
386	275	118	1687	539	0	0	FULL	1	26811
293	196	271	1441	390	0	0	FULL	1	23110
314	235	183	9477	2000	23	25	FULL	1	11046
