317	199	150	4921	1204	17	15	FULL	2	4980
327	174	168	6279	2600	0	0	ALL_EDGES	1	7628
284	223	118	1552	516	10	11	FULL	5	29323
262	188	172	6298	2000	0	0	FULL	3	10457
242	182	102	2718	1157	0	0	FULL	1	25838
255	191	174	6417	2000	47	44	FULL	1	2543
303	185	133	1237	250	17	23	FULL	2	16112
312	210	176	3070	1134	20	15	FULL	1	4492
370	274	94	2745	610	13	15	FULL	3	10344
272	179	175	1980	987	27	28	ALL_EDGES	2	6529
226	192	127	3800	2000	0	0	FULL	1	24839
310	224	151	6793	1185	0	0	FULL	2	23395
236	150	295	10468	2000	0	0	FULL	2	6971
239	189	189	6859	2000	0	0	FULL	2	32271
310	189	162	1643	656	0	0	ALL_EDGES	1	15663
397	328	73	3923	339	0	0	FULL	1	15186
298	218	132	5253	2000	13	15	FULL	6	12629
278	151	203	790	371	0	0	FULL	2	19986
222	190	131	3883	2000	24	24	FULL	1	4742
289	177	224	9211	2000	22	25	FULL	1	5706
243	146	126	130	250	0	0	FULL	1	15144
379	282	108	3473	996	14	15	FULL	5	27807
250	147	149	979	250	0	0	FULL	2	24249
223	142	141	1521	693	14	17	FULL	3	30261
369	228	101	4207	804	15	14	FULL	1	27335
281	178	149	1027	250	0	0	FULL	2	2922
311	218	140	3809	1568	0	0	ALL_EDGES	3	6664
259	202	202	1123	600	0	0	FULL	1	28377
333	225	153	7245	1671	5	3	FULL	3	18110
181	147	170	3937	2000	0	0	FULL	1	15643
333	240	119	5329	879	0	0	FULL	1	22361
279	229	180	1495	658	0	0	FULL	3	10582
229	202	97	2727	2000	17	21	FULL	4	22430
296	200	143	5482	2000	19	23	FULL	1	27356
305	210	102	1319	250	0	0	FULL	1	27004
223	187	156	695	396	36	40	FULL	2	12584
283	215	190	8613	1247	32	26	FULL	1	1362
353	232	140	6762	1200	14	19	FULL	2	23833
339	268	93	2099	250	0	0	FULL	2	18844
365	247	94	2303	599	0	0	FULL	1	23345
272	210	184	3160	250	0	0	FULL	4	14563
234	178	180	5977	2000	23	25	FULL	2	12983
337	232	109	4547	854	0	0	FULL	13	7745
267	150	137	390	250	31	31	FULL	6	20638
302	212	149	6175	2000	0	0	FULL	1	30709
252	166	180	5782	2000	0	0	FULL	2	22058
253	245	193	9540	2000	0	0	ALL_EDGES	2	14132
296	251	101	4117	1935	0	0	FULL	1	14614
259	204	85	531	250	0	0	FULL	1	16783
317	225	161	1391	528	19	20	FULL	3	5007
285	194	81	2272	835	0	0	ALL_EDGES	2	3328
198	160	238	5077	2000	23	24	ALL_EDGES	2	20380
261	199	164	884	250	0	0	FULL	1	21494
283	196	135	4800	2000	0	0	FULL	2	7422
394	306	96	3680	1047	0	0	FULL	1	7488
302	202	189	8337	1199	21	22	FULL	2	23294
237	215	167	6511	2000	26	32	FULL	3	18408
390	197	137	2163	725	0	0	FULL	2	5634
253	153	297	7187	2000	23	25	FULL	1	32159
329	222	116	4743	1154	18	19	FULL	1	6427
328	257	136	2415	768	0	0	FULL	5	1512
320	240	137	6394	890	0	0	ALL_EDGES	2	14189
297	183	120	1982	1222	0	0	FULL	4	21944
317	186	228	2011	250	24	28	FULL	2	6496
365	248	182	10774	2000	0	0	ALL_EDGES	2	5052
313	209	191	8950	2000	0	0	FULL	2	2597
323	130	343	13412	2000	0	0	FULL	1	12078
306	264	204	12325	1209	0	0	FULL	1	26718
341	191	193	8650	2000	3	8	FULL	4	20553
379	247	176	2079	418	0	0	FULL	1	7756
368	204	180	8734	2000	0	0	FULL	2	32212
277	249	239	13876	2000	7	9	FULL	2	2597
364	249	159	8932	1205	10	9	FULL	1	31722
379	338	121	4216	918	0	0	FULL	1	22396
261	173	342	15779	2375	23	24	FULL	2	3629
284	213	240	12078	2000	30	27	FULL	5	10876
366	218	156	7587	1220	7	3	FULL	1	31320
380	252	140	3564	885	0	0	FULL	4	28967
318	219	223	11857	2000	0	0	FULL	1	12615
403	248	145	3045	922	18	13	FULL	1	4259
251	187	265	11525	2123	0	0	FULL	1	2515
357	235	197	11286	2000	0	0	ALL_EDGES	1	8406
334	200	263	14105	2000	0	0	FULL	2	15046
432	307	147	10686	1098	0	0	FULL	3	7471
424	267	137	3425	250	11	8	FULL	4	18957
427	326	90	5487	1025	15	16	FULL	2	23853
398	328	150	11193	1184	0	0	FULL	2	8269
241	157	330	12987	2000	0	0	FULL	3	22338
268	187	288	13485	2000	25	26	FULL	1	31537
385	222	192	2260	547	18	14	FULL	4	20206
410	286	166	3939	250	0	0	FULL	1	8790
286	162	354	16368	2000	6	3	ALL_EDGES	3	7628
295	284	197	1996	250	24	28	FULL	2	6220
300	231	268	5328	461	20	23	FULL	1	28469
365	265	129	2112	250	8	8	FULL	1	15332
393	288	119	1660	655	0	0	FULL	2	29887
352	304	127	7587	845	3	9	FULL	2	16086
376	304	153	10412	1172	12	11	FULL	3	26007
301	251	165	8537	2000	21	26	ALL_EDGES	8	32153
391	250	128	2187	824	8	8	FULL	4	8967
287	230	235	1178	343	31	32	FULL	1	22036
275	233	210	10719	2000	24	29	FULL	2	432
442	224	187	11192	1158	0	0	FULL	2	1873
224	172	427	3267	250	20	24	FULL	2	22216
288	250	269	17004	2000	27	26	FULL	2	24666
287	185	254	11475	2057	28	34	FULL	1	29423
341	244	150	2050	780	0	0	FULL	7	8196
378	221	174	9135	1188	14	13	FULL	3	26212
247	194	280	4050	250	25	27	FULL	5	3444
326	208	229	11842	1205	24	24	FULL	3	28191
402	254	180	6308	250	0	0	FULL	4	8099
522	305	123	9009	814	0	0	FULL	2	9700
448	248	139	8153	1118	15	19	FULL	2	6411
269	211	222	2375	892	0	0	FULL	1	12310
410	170	288	15280	2000	22	28	FULL	1	28210
439	385	92	6789	798	0	0	FULL	1	4747
315	264	240	15880	2000	23	23	FULL	2	15653
258	198	303	2015	250	0	0	FULL	1	29423
351	240	149	7575	1159	11	8	FULL	1	2395
401	298	147	9922	1141	0	0	FULL	1	21713
284	242	210	1189	250	22	22	FULL	1	27069
357	276	188	12413	2000	19	23	FULL	4	26002
289	241	237	1303	356	32	32	FULL	1	25433
411	302	157	6708	687	0	0	FULL	2	31912
437	275	162	11115	850	7	6	ALL_EDGES	1	828
383	303	125	7801	1132	7	3	FULL	1	27264
469	275	136	8907	2000	14	16	FULL	1	17302
398	247	167	9966	1192	13	15	FULL	1	24660
390	240	198	12173	2000	6	2	FULL	2	32503
361	266	203	13455	491	13	12	FULL	1	1549
475	314	90	5656	491	16	17	FULL	1	9591
313	210	266	14595	2000	25	23	FULL	2	29715
356	235	161	8424	1814	0	0	FULL	1	14649
410	292	146	9782	1144	0	0	FULL	3	17060
463	277	128	8233	806	0	0	FULL	1	19548
289	198	235	1066	487	0	0	FULL	2	4350
405	299	127	8199	1099	0	0	FULL	1	32274
329	167	245	10597	2000	0	0	FULL	2	24675
325	235	204	2790	824	20	27	FULL	1	7143
361	212	190	9700	1431	0	0	ALL_EDGES	1	15256
302	236	175	1450	393	39	43	FULL	2	1207
325	235	217	12325	2600	0	0	FULL	2	27630
332	233	239	1073	332	0	0	FULL	2	778
348	292	172	11375	2000	18	25	FULL	1	25841
362	255	178	10708	2000	0	0	FULL	1	17128
328	286	134	7450	1148	0	0	CORNERS	1	18479
359	257	211	2652	530	3	4	FULL	2	16047
339	228	187	2378	793	0	0	ALL_EDGES	1	7771
346	259	162	1609	250	18	21	FULL	5	16583
337	239	192	1503	375	22	27	FULL	4	27916
338	219	168	1237	575	0	0	FULL	1	21928
265	241	212	10975	2000	30	38	FULL	2	5096
349	254	152	8289	1228	0	0	FULL	2	25595
299	248	210	1379	250	0	0	FULL	1	578
400	234	209	13006	2000	0	0	ALL_EDGES	3	375
367	224	200	2475	560	21	24	FULL	2	9603
429	334	101	6713	1034	0	0	FULL	1	28999
443	299	139	9786	1133	0	0	FULL	2	21796
377	232	189	9174	1221	0	0	FULL	2	25180
326	185	257	4417	250	0	0	ALL_EDGES	1	32395
409	298	144	9730	1129	0	0	FULL	2	30980
299	237	204	10947	2000	31	26	FULL	3	9619
434	354	88	1849	250	0	0	ALL_EDGES	2	21665
406	180	213	10354	2000	19	21	FULL	3	13416
405	260	118	150	250	0	0	FULL	1	8010
469	262	126	7626	810	11	13	FULL	2	26809
341	182	266	13249	2000	0	0	FULL	1	2567
363	241	177	10028	2000	18	20	FULL	5	17769
362	289	157	10131	1179	0	0	FULL	3	3010
295	239	205	5234	250	0	0	FULL	2	3379
449	265	163	7176	250	15	15	FULL	4	22710
402	272	115	6325	810	0	0	FULL	2	3197
388	188	171	6712	1207	0	0	FULL	2	22405
335	236	196	10896	2000	28	28	FULL	1	20905
339	256	178	1240	250	29	35	FULL	1	22740
358	262	154	2088	718	5	9	FULL	4	7833
360	256	200	12709	2000	20	18	FULL	1	32595
347	314	152	8250	1229	0	0	FULL	2	11540
363	253	168	9796	2000	0	0	FULL	1	25685
361	306	140	9036	1170	7	8	FULL	1	3307
297	192	219	9787	2600	0	0	FULL	2	28966
377	314	148	10255	894	31	32	FULL	5	11968
397	257	191	2574	430	0	0	FULL	2	26628
431	251	143	8401	850	16	17	FULL	2	17299
358	246	154	8235	1719	0	0	FULL	2	12333
397	213	172	8874	1201	0	0	FULL	8	1749
315	214	185	8800	2000	0	0	ALL_EDGES	3	18053
383	230	142	7137	1134	0	0	FULL	1	20272
436	229	166	3267	723	10	7	FULL	5	10897
292	248	186	9868	1190	24	28	FULL	5	3181
285	174	294	13224	1280	0	0	FULL	2	18521
346	212	267	15580	1220	28	33	ALL_EDGES	1	14344
274	188	243	10637	2000	28	33	FULL	3	5156
430	317	143	3471	851	0	0	FULL	1	8202
322	210	216	10846	2000	0	0	FULL	9	24895
380	233	176	9780	563	21	17	FULL	3	29007
373	249	167	9625	2000	0	0	FULL	3	22037
302	221	232	1441	250	22	23	FULL	2	27244
262	177	376	18585	2600	0	0	FULL	5	18212
388	312	104	1262	250	0	0	FULL	2	28828
390	304	157	3478	506	0	0	FULL	1	18095
327	216	205	10527	2271	20	26	FULL	1	21361
305	232	232	1501	384	33	31	FULL	1	9780
293	244	272	2340	250	0	0	FULL	2	13058
346	230	220	2450	548	4	5	FULL	3	24991
333	199	233	434	336	27	29	FULL	2	11825
373	256	173	10428	481	15	14	FULL	2	15692
375	198	262	1930	413	0	0	FULL	3	4926
335	288	202	13903	2000	3	4	FULL	3	29125
420	283	164	11368	1240	8	5	ALL_EDGES	1	9846
303	237	188	2578	250	0	0	FULL	3	25602
266	249	265	15715	2000	27	32	FULL	1	7970
340	266	149	4158	330	0	0	FULL	5	29202
311	231	202	1812	250	0	0	FULL	3	5860
361	237	216	684	250	28	25	FULL	5	18254
467	426	98	8580	2000	21	22	FULL	4	22004
298	262	160	1387	467	37	36	FULL	4	19117
375	236	176	9842	2000	0	0	FULL	2	1038
389	233	138	2625	250	0	0	FULL	2	21154
480	246	140	3465	959	10	12	FULL	1	10674
347	230	156	7787	1196	12	11	FULL	1	24143
215	181	347	2646	349	0	0	FULL	1	7227
328	228	168	337	250	19	23	FULL	2	25224
