277	250	123	1173	685	4	6	FULL	2	9520
293	206	158	6431	2000	0	0	FULL	3	743
421	293	94	3898	1349	0	0	FULL	5	27676
187	129	186	4032	2029	0	0	FULL	3	21332
259	153	190	1005	250	6	3	FULL	1	27110
328	175	95	1562	250	13	7	FULL	3	6255
291	201	146	5270	2000	0	0	FULL	1	30242
294	159	226	8358	1282	31	32	FULL	3	24603
307	220	126	5083	1210	0	0	FULL	2	27150
370	278	112	5968	1077	5	5	FULL	4	26615
280	176	213	8337	2000	27	26	FULL	1	15213
261	182	179	1904	361	0	0	FULL	2	21833
250	123	179	4246	1233	39	42	FULL	2	28185
303	198	191	2587	812	22	24	ALL_EDGES	4	18384
269	200	158	5984	2000	29	27	FULL	3	19562
289	195	150	1606	674	0	0	FULL	1	25250
248	183	252	10419	1265	0	0	FULL	1	2205
260	190	152	5272	2000	0	0	FULL	1	3005
191	128	184	3982	2000	37	37	ALL_EDGES	4	25726
398	242	109	2719	1108	0	0	FULL	2	15661
270	194	162	6043	2000	8	11	FULL	1	31906
281	179	227	9384	2000	0	0	FULL	2	13397
242	192	97	2020	1191	16	17	FULL	4	31823
277	160	169	1215	773	21	24	ALL_EDGES	3	718
276	195	158	5916	2000	0	0	FULL	2	12481
278	233	116	4515	1155	0	0	FULL	3	3286
376	302	101	5669	1079	14	17	FULL	2	3468
291	182	141	3592	938	16	15	FULL	1	31599
254	189	93	774	830	8	9	FULL	2	10752
259	198	205	8473	882	0	0	FULL	1	7158
341	175	126	1027	682	3	3	FULL	5	20373
233	180	179	5970	2000	0	0	FULL	2	29740
427	214	82	3157	816	0	0	FULL	2	17214
220	203	144	786	622	27	27	FULL	3	8768
299	232	123	1232	440	5	6	FULL	2	28441
279	197	155	5831	2000	0	0	FULL	2	29648
293	219	186	8760	524	0	0	FULL	2	21953
311	252	147	7325	2000	10	14	FULL	2	16465
252	138	245	7548	2000	50	53	FULL	3	6210
335	212	134	5595	2000	0	0	FULL	1	5370
222	179	138	3976	2000	0	0	FULL	2	1976
230	120	234	5895	2000	0	0	FULL	2	20919
198	123	269	916	421	0	0	FULL	4	22561
274	134	149	3740	1905	22	27	FULL	1	7313
295	277	116	5567	1186	0	0	FULL	2	15075
234	212	211	8998	2000	0	0	FULL	1	9082
265	179	221	1522	554	0	0	FULL	2	21206
290	222	148	6270	983	0	0	FULL	1	21647
423	162	168	6762	1827	0	0	FULL	5	25771
356	242	133	6578	851	0	0	FULL	2	18452
325	252	91	3765	1101	0	0	ALL_EDGES	1	1834
297	252	100	1957	913	13	19	FULL	1	3204
338	149	237	9168	2000	10	9	FULL	1	690
273	233	134	5516	2000	0	0	FULL	1	20493
256	233	109	3952	1209	0	0	FULL	1	1408
296	187	135	1470	511	0	0	ALL_EDGES	2	10602
365	191	136	1501	447	0	0	FULL	1	21405
237	163	169	1079	271	27	23	FULL	1	20656
315	217	168	7762	2000	19	22	FULL	2	30183
355	245	64	1204	657	17	12	FULL	1	12199
371	282	81	3808	796	16	10	FULL	2	21911
419	242	113	3691	664	14	15	FULL	1	8196
202	120	266	6636	2000	23	26	FULL	1	24965
239	143	219	2797	886	25	25	FULL	1	30603
292	217	118	4447	863	0	0	FULL	1	30651
249	128	300	1881	499	0	0	FULL	3	22888
319	251	143	7153	2000	12	10	FULL	1	5944
266	168	190	1768	250	0	0	FULL	1	13130
232	203	181	6817	2000	31	27	ALL_EDGES	4	10273
326	157	146	4665	2000	15	20	FULL	4	17861
338	218	102	922	648	42	45	FULL	1	17217
261	193	150	937	409	0	0	FULL	4	22479
273	220	125	4710	2000	16	15	FULL	3	2239
362	265	120	6221	867	9	9	FULL	2	27991
286	237	155	7129	2000	21	19	FULL	1	26593
389	241	123	3185	250	0	0	FULL	2	591
336	221	128	1615	620	0	0	FULL	2	16954
337	146	171	5601	2000	19	22	FULL	2	9534
332	194	147	5880	2000	14	16	FULL	2	25166
269	218	162	6764	2000	0	0	FULL	2	20773
261	186	93	2520	1145	16	7	FULL	2	10642
212	205	196	7369	2000	0	0	FULL	1	20299
192	113	392	10616	2000	0	0	ALL_EDGES	1	22098
297	255	152	7590	2000	0	0	FULL	5	15962
214	172	203	6592	2000	34	37	ALL_EDGES	1	21513
292	223	146	6222	2000	0	0	FULL	3	22492
264	181	177	6366	2000	36	36	FULL	1	27297
324	229	128	5576	1174	13	10	FULL	1	24063
366	265	77	3300	807	33	38	FULL	1	16080
227	146	135	3186	2000	0	0	FULL	1	8998
272	177	155	1200	604	0	0	FULL	2	22693
273	159	265	1161	250	0	0	FULL	6	26440
191	173	136	3469	2000	35	35	FULL	1	27502
300	243	116	4938	1157	14	12	ALL_EDGES	2	21187
283	185	181	2726	1001	0	0	FULL	1	12352
292	191	205	8797	2000	31	30	FULL	2	30832
273	254	137	6222	2000	17	17	FULL	4	13488
236	134	239	6780	1858	0	0	FULL	2	19626
330	229	158	7704	2000	16	17	FULL	5	12223
304	250	151	7486	2600	0	0	FULL	2	18354
321	227	103	1395	498	9	10	ALL_EDGES	1	30069
239	153	123	432	552	34	33	FULL	1	2766
382	206	146	6647	1130	27	28	ALL_EDGES	2	19057
282	216	124	4620	903	7	10	FULL	1	31713
261	174	187	6553	2395	24	20	FULL	1	11429
326	176	183	7245	2000	0	0	FULL	1	6691
345	203	164	1127	404	0	0	FULL	1	8918
329	214	149	6562	1881	16	17	FULL	8	29108
260	237	171	7780	2000	11	14	FULL	2	3488
208	162	282	9823	2000	0	0	FULL	2	32100
277	189	161	1513	250	0	0	FULL	1	25964
330	205	111	4080	1117	40	41	FULL	1	13118
343	154	142	4500	876	0	0	FULL	3	16063
360	218	133	5985	1512	37	38	FULL	3	11096
289	212	172	2289	761	0	0	FULL	2	28369
402	329	87	5129	771	16	20	FULL	1	32346
288	242	150	1585	434	0	0	FULL	1	30522
361	154	207	1851	761	24	19	FULL	1	17086
272	199	156	1054	496	19	30	FULL	4	15202
327	227	101	3937	1084	0	0	FULL	1	6318
311	222	108	3735	857	0	0	FULL	2	17030
254	204	185	2147	250	11	13	FULL	1	22726
341	209	119	4717	1106	0	0	FULL	3	15771
299	154	207	7210	2000	0	0	FULL	2	7160
391	299	72	3519	456	0	0	FULL	2	657
284	196	207	954	365	0	0	FULL	4	27918
382	280	98	3475	677	0	0	FULL	4	1339
301	234	92	3393	1114	11	15	FULL	1	10492
240	176	248	9597	2000	0	0	FULL	1	17323
253	189	177	1980	828	0	0	FULL	2	5980
222	161	127	3127	2000	0	0	FULL	1	29069
248	182	166	1320	802	8	7	FULL	1	15390
291	245	120	1674	497	0	0	FULL	3	9249
375	243	93	4029	814	13	15	FULL	1	17724
374	221	127	2331	535	11	11	FULL	2	5849
246	184	77	1848	841	0	0	FULL	1	13930
270	170	228	8736	2000	0	0	FULL	1	810
246	187	162	5572	2000	32	30	FULL	2	7474
265	193	186	2213	1009	12	13	ALL_EDGES	3	27323
339	243	140	6888	349	12	14	FULL	1	9006
290	150	173	5317	2600	0	0	FULL	5	9511
254	182	205	7742	2000	32	35	FULL	2	23971
297	254	73	242	370	0	0	FULL	7	13749
298	217	132	2057	250	0	0	FULL	1	19723
231	185	198	518	444	30	38	FULL	1	12104
253	173	103	2677	1195	18	23	FULL	1	30658
219	170	201	6487	2000	0	0	FULL	4	11277
246	164	210	7106	1249	0	0	FULL	1	26046
410	202	115	1026	250	0	0	FULL	1	26541
307	202	105	3568	1133	11	16	FULL	1	31789
279	163	254	9901	2000	29	34	FULL	1	31835
424	214	127	5945	1119	0	0	FULL	3	27277
350	229	93	1770	829	12	6	FULL	1	19439
326	201	161	6825	2600	0	0	FULL	5	2597
234	176	109	2848	2000	16	18	FULL	1	15916
386	271	72	3105	710	0	0	FULL	4	6556
243	136	226	6532	2000	28	34	FULL	1	2281
233	179	203	1079	1091	0	0	FULL	2	18437
257	153	114	2785	2000	0	0	FULL	1	26979
308	226	166	7797	2000	0	0	FULL	1	30827
280	179	169	960	628	0	0	FULL	1	9820
362	238	134	6543	849	0	0	FULL	2	15460
255	169	266	1644	436	0	0	FULL	1	13610
228	156	238	7794	2000	0	0	FULL	2	29887
315	223	164	7659	2000	0	0	ALL_EDGES	3	21852
199	137	166	1413	1236	25	23	FULL	1	7918
391	271	80	195	281	17	15	FULL	1	12640
283	216	139	841	250	0	0	FULL	8	15568
456	189	99	3782	770	0	0	FULL	2	14612
296	205	124	1065	250	4	6	FULL	1	6046
254	224	150	841	564	0	0	FULL	4	9780
339	245	139	2277	716	0	0	ALL_EDGES	5	27700
283	231	145	1976	512	0	0	FULL	2	27478
360	348	76	1919	250	0	0	FULL	4	1674
189	128	187	4023	2000	0	0	FULL	3	4037
309	233	118	1300	441	0	0	FULL	2	26632
344	195	112	4020	1107	34	41	FULL	2	24189
244	152	203	1365	473	9	8	FULL	3	18607
216	184	164	5148	2000	0	0	FULL	2	7970
190	153	155	837	694	0	0	FULL	2	11530
324	252	141	7072	884	0	0	ALL_EDGES	4	507
345	175	141	3323	1318	15	18	FULL	1	32273
391	244	110	5271	1069	0	0	FULL	2	24487
348	257	73	2853	806	0	0	FULL	1	29827
206	193	139	4130	2000	0	0	FULL	1	18485
232	178	182	540	488	31	40	FULL	2	19615
225	150	251	8032	2000	26	28	FULL	2	25902
278	198	173	4085	250	0	0	ALL_EDGES	4	164
270	171	97	2524	888	0	0	FULL	2	6531
280	174	175	6154	2000	0	0	FULL	2	23172
297	186	99	2986	1115	0	0	FULL	4	16236
237	193	230	9313	2000	0	0	ALL_EDGES	2	14436
292	178	202	7980	2000	30	32	FULL	1	15507
340	174	161	1368	551	0	0	FULL	1	22574
224	179	113	778	461	0	0	FULL	6	26897
340	254	98	4326	1109	0	0	FULL	2	6985
343	303	101	5397	841	0	0	FULL	2	5129
214	151	138	3312	2000	38	41	FULL	4	17451
352	175	138	4981	1658	0	0	ALL_EDGES	1	7257
378	242	82	750	565	35	39	FULL	2	14586
229	153	100	2152	921	44	41	FULL	5	21248
264	196	183	266	277	0	0	FULL	1	32653
312	194	189	632	317	29	27	ALL_EDGES	1	3525
232	133	177	654	471	21	21	CORNERS	1	807
350	298	110	6072	1110	10	12	FULL	1	29670
208	203	106	1998	919	0	0	FULL	3	14074
378	241	116	5481	1125	0	0	FULL	1	1338
220	145	141	3303	2000	0	0	FULL	3	14968
316	254	150	7656	2000	0	0	FULL	1	21445
311	209	161	4735	1231	19	17	FULL	2	12567
380	201	138	4735	1116	0	0	FULL	7	22401
262	221	198	9096	2028	29	36	FULL	1	19991
215	177	145	4130	2000	23	24	FULL	2	22416
292	216	119	4462	873	49	53	FULL	2	31863
344	184	134	4964	858	0	0	FULL	2	8214
242	199	178	6630	2000	21	18	FULL	2	27147
297	161	156	1590	734	0	0	FULL	2	8761
292	175	167	5916	2000	0	0	FULL	1	30980
209	147	147	459	440	35	30	FULL	2	10859
320	243	135	6342	485	0	0	FULL	1	9903
186	171	111	2481	1591	0	0	FULL	5	2037
345	176	189	1472	426	0	0	FULL	2	13640
299	180	139	4740	2000	15	22	FULL	1	5246
246	125	279	8100	2000	0	0	FULL	1	4061
253	157	264	9639	2000	0	0	FULL	2	20530
303	191	147	5482	2000	0	0	FULL	2	9615
245	111	202	423	360	31	37	FULL	4	22594
327	157	166	5601	2000	0	0	FULL	1	32414
227	164	202	6397	1063	25	18	FULL	2	10960
268	210	150	1462	820	0	0	FULL	1	13904
358	193	167	5175	1248	0	0	FULL	2	12040
329	241	94	3802	1096	0	0	FULL	1	22193
253	147	227	7267	2000	29	32	FULL	1	10135
304	172	162	5729	2000	0	0	FULL	3	18035
342	207	163	7360	2000	22	17	FULL	1	29755
291	202	76	2187	1040	0	0	FULL	3	29359
354	225	150	7272	1183	0	0	FULL	1	1961
211	180	251	1558	635	0	0	FULL	2	14802
421	298	84	4494	603	18	18	FULL	1	18882
261	184	155	5317	2000	0	0	FULL	2	21418
311	234	158	7590	1191	0	0	FULL	1	27498
207	186	274	10741	788	0	0	FULL	1	19182
248	202	211	8757	2000	0	0	FULL	1	4000
285	166	158	5152	2176	0	0	FULL	1	30294
347	286	116	6256	1116	0	0	FULL	5	4526
395	295	99	5462	832	1	0	FULL	4	31691
242	176	176	1140	448	6	3	FULL	1	23777
232	128	152	3330	2000	29	32	FULL	4	16231
234	193	143	4660	2000	0	0	ALL_EDGES	2	22071
205	171	243	8262	2000	31	35	FULL	3	23323
323	187	141	5219	1191	0	0	FULL	1	19768
361	261	127	6684	1165	10	12	FULL	3	11011
243	174	106	2767	1168	0	0	FULL	2	17450
304	260	146	1725	432	0	0	FULL	3	12621
204	145	119	672	880	0	0	FULL	3	28335
255	143	124	2902	1184	0	0	FULL	2	30560
283	180	148	5002	1171	19	17	ALL_EDGES	1	15813
226	153	245	7939	2000	0	0	FULL	2	32124
306	235	118	1691	895	0	0	FULL	3	9902
263	179	116	3399	2000	11	18	FULL	1	17801
304	162	112	3118	883	0	0	FULL	4	11684
228	158	263	760	354	22	23	FULL	1	9339
268	211	132	4875	1175	0	0	FULL	2	28919
253	215	156	1589	855	0	0	FULL	1	21199
252	175	169	5617	2000	43	47	FULL	2	3405
216	154	164	4356	2474	0	0	FULL	3	5940
221	142	176	1017	482	27	29	FULL	3	4666
241	159	144	489	499	20	19	FULL	2	19113
339	266	127	6601	1137	0	0	FULL	1	10066
237	134	238	2707	284	0	0	FULL	1	4909
286	168	156	5100	1214	0	0	FULL	4	5929
384	149	131	4117	1156	0	0	FULL	2	11549
322	208	82	451	250	0	0	ALL_EDGES	3	7451
303	213	179	736	452	0	0	FULL	2	1941
270	186	130	4173	2000	0	0	FULL	2	23348
318	247	153	1560	415	0	0	ALL_EDGES	6	6614
281	225	87	1078	460	30	32	FULL	2	28241
368	258	79	3322	1030	16	21	FULL	1	16401
231	166	117	2956	2000	1	5	FULL	3	27235
220	134	287	1785	753	0	0	FULL	2	31330
264	185	153	5250	2439	0	0	FULL	1	22905
321	182	163	6251	2000	0	0	FULL	3	32063
286	248	147	6961	1718	0	0	FULL	2	3266
257	172	169	1567	764	24	33	FULL	1	15843
244	183	101	2704	1166	0	0	FULL	2	16100
287	114	107	1998	1134	0	0	FULL	1	4273
326	229	127	1472	448	0	0	FULL	2	10589
223	163	96	2135	1224	0	0	FULL	1	7636
278	214	176	7665	2000	0	0	ALL_EDGES	1	31196
280	193	102	3113	1163	7	6	FULL	1	15750
350	161	132	4312	879	14	10	FULL	2	28630
226	151	221	6682	474	0	0	FULL	6	15504
285	229	131	5338	2000	9	12	FULL	1	5243
267	187	239	10260	1270	0	0	FULL	1	16706
233	205	177	6749	2000	0	0	FULL	4	1090
344	297	113	6198	1100	0	0	FULL	1	18798
243	166	236	988	908	26	27	FULL	1	19968
278	215	192	8740	1265	0	0	FULL	1	13360
313	232	131	5728	1155	17	16	FULL	1	27731
261	166	104	2650	887	13	17	FULL	1	25916
227	154	300	1648	581	0	0	FULL	1	4935
250	154	116	2844	2000	10	15	FULL	1	15757
268	199	84	2376	1131	0	0	FULL	2	9260
213	125	168	1278	364	0	0	FULL	2	25030
249	163	136	605	462	0	0	FULL	2	22015
430	326	61	3111	638	18	20	FULL	1	25307
336	291	97	4835	1077	0	0	FULL	2	3215
337	275	124	6532	1165	16	12	FULL	2	9610
253	205	87	2475	1123	0	0	FULL	2	20689
390	198	135	5806	1103	0	0	FULL	2	3868
306	150	208	266	330	0	0	ALL_EDGES	2	1952
295	222	115	4372	1194	13	13	FULL	3	32616
210	159	134	3298	1240	0	0	FULL	2	7344
271	223	199	1632	419	8	3	FULL	1	28295
249	177	238	9250	2000	0	0	FULL	1	29736
206	85	201	1015	250	0	0	FULL	2	27533
303	153	249	9453	2600	0	0	FULL	1	12
325	184	125	4350	1179	7	7	FULL	2	19612
296	248	102	4132	2000	0	0	FULL	2	6766
397	261	92	3382	1153	0	0	FULL	1	31909
273	191	86	1161	250	0	0	FULL	2	18395
371	242	117	5565	2000	0	0	FULL	5	661
279	196	192	588	414	29	26	FULL	1	9491
349	226	133	1785	633	0	0	FULL	3	7005
300	204	90	2843	1108	0	0	FULL	2	8384
302	152	251	9499	2000	0	0	FULL	1	15570
247	209	205	8662	2000	0	0	FULL	7	22679
277	189	181	7030	2000	0	0	FULL	1	6673
351	306	107	3611	1031	14	17	FULL	3	25670
254	202	165	2184	902	12	16	FULL	3	22460
232	173	212	7344	2000	29	31	FULL	1	16896
314	151	180	1317	593	6	3	ALL_EDGES	2	27003
334	282	80	2145	1173	0	0	FULL	2	1352
242	187	255	10591	2000	0	0	ALL_EDGES	3	15289
335	273	104	2793	982	0	0	ALL_EDGES	1	3873
394	208	140	6428	1133	0	0	FULL	3	16918
361	182	160	6499	2600	0	0	FULL	2	6797
265	147	167	1677	250	0	0	ALL_EDGES	2	19820
282	108	246	1455	250	0	0	FULL	1	8897
291	235	124	5159	1172	0	0	ALL_EDGES	1	12458
336	223	127	5462	1127	6	9	FULL	9	3488
320	254	105	2133	1089	0	0	FULL	1	13425
321	236	99	3922	1358	0	0	FULL	8	10713
326	191	185	7981	2000	0	0	FULL	1	2640
295	186	155	1351	250	19	25	FULL	1	6658
325	236	71	2464	1036	0	0	FULL	3	26635
335	217	90	3191	1045	12	17	FULL	3	25800
192	171	168	4653	1240	22	26	FULL	1	10330
351	283	116	6221	841	14	11	FULL	1	5652
264	179	181	2023	882	0	0	FULL	3	10198
273	212	130	3667	1255	0	0	FULL	1	21673
365	267	108	5386	1060	0	0	FULL	1	16084
301	234	107	1710	981	11	16	FULL	1	28542
302	176	141	4755	2600	0	0	FULL	1	247
298	178	216	8912	639	24	28	FULL	3	15557
311	250	122	5557	1138	0	0	FULL	2	12946
296	228	111	4305	1149	0	0	FULL	1	24962
277	199	208	9073	2000	0	0	FULL	5	5666
230	173	214	7395	2000	1	0	ALL_EDGES	1	30590
213	174	204	6607	2000	0	0	FULL	4	10676
274	123	254	7378	2000	0	0	FULL	2	11582
303	228	94	1267	490	10	13	FULL	3	4849
257	144	203	600	493	32	38	FULL	2	13225
186	94	257	4698	2000	0	0	ALL_EDGES	2	12618
403	248	95	959	614	26	21	FULL	1	28501
283	207	128	120	261	14	18	FULL	3	3559
259	163	154	4608	2000	0	0	FULL	4	10459
201	140	159	1422	410	22	24	FULL	5	24153
383	266	113	2921	588	12	6	FULL	2	13501
316	221	122	4938	1133	41	42	FULL	2	4982
335	185	153	5956	1174	29	28	FULL	1	24410
255	160	159	4712	2000	31	28	FULL	2	6412
277	226	167	409	250	29	32	FULL	2	8966
292	184	140	4815	2000	17	20	FULL	1	639
325	192	184	7958	2000	28	28	FULL	1	27322
295	226	112	4320	853	0	0	FULL	1	4038
272	145	190	5722	1254	24	26	FULL	1	13661
252	215	139	5137	2000	0	0	FULL	1	6508
251	185	246	3024	250	0	0	FULL	2	1044
329	275	128	6693	1157	13	13	FULL	4	18075
379	243	125	6210	2000	0	0	FULL	3	10963
372	269	104	1312	250	0	0	FULL	6	25584
338	248	102	4403	1120	10	7	FULL	2	31070
304	180	137	795	380	0	0	FULL	1	6322
218	213	249	10994	1297	25	18	FULL	2	14880
214	196	203	3859	1459	21	27	FULL	1	30362
188	126	191	4077	1264	47	46	ALL_EDGES	1	27095
189	141	132	2670	2000	21	24	FULL	1	20604
315	223	136	5804	891	0	0	FULL	1	2945
260	220	183	8032	2000	21	16	ALL_EDGES	4	9213
336	262	130	6693	865	0	0	FULL	1	1686
300	185	172	6612	1198	11	10	FULL	1	12548
229	172	115	2943	2000	16	23	FULL	3	19169
289	202	145	5576	2000	0	0	FULL	2	29946
388	230	129	6233	876	26	35	ALL_EDGES	2	16422
255	256	176	8717	2000	0	0	FULL	4	14374
181	115	216	4392	2000	22	21	FULL	1	22400
225	181	285	2852	1058	22	17	FULL	1	5429
294	155	208	7286	2000	0	0	FULL	3	5618
263	194	227	9660	2600	0	0	ALL_EDGES	2	4240
277	188	202	1701	771	7	7	FULL	1	15267
277	199	99	902	777	7	9	FULL	1	12004
219	154	133	814	652	24	22	FULL	2	22065
390	220	111	4788	1071	12	13	FULL	1	18947
286	209	176	1050	250	35	38	ALL_EDGES	1	22215
267	216	182	7927	2600	5	7	FULL	1	8199
355	237	101	4292	1083	0	0	FULL	2	9474
334	230	97	1627	934	11	13	FULL	2	30018
238	218	144	450	250	0	0	FULL	3	4253
227	167	145	4026	2000	0	0	FULL	3	11701
196	164	234	7312	2000	0	0	FULL	1	27258
350	210	156	2955	592	0	0	FULL	2	30444
310	199	105	3562	853	0	0	FULL	1	15035
303	218	113	3555	1124	0	0	FULL	2	35
262	228	125	4800	2000	13	11	FULL	1	26399
407	191	83	2535	945	0	0	FULL	3	19833
287	198	150	5686	1295	19	16	ALL_EDGES	5	8142
297	256	138	6646	2000	38	40	FULL	4	15304
212	144	147	603	555	0	0	FULL	7	4634
323	244	133	2824	250	16	20	FULL	1	11119
273	172	180	6324	2000	0	0	FULL	1	21664
337	247	78	2983	796	0	0	FULL	2	24213
328	195	165	2614	1051	12	11	FULL	5	13348
228	181	108	351	250	17	15	FULL	1	5706
356	272	108	5470	828	0	0	FULL	1	32731
370	296	96	5082	805	0	0	ALL_EDGES	2	15123
338	217	157	1564	538	0	0	FULL	3	8553
353	201	106	1057	530	0	0	FULL	1	9575
303	235	133	5852	1218	11	11	FULL	2	30931
310	245	138	1533	445	5	8	FULL	2	11394
309	256	152	7776	2000	0	0	FULL	2	12876
196	174	131	3366	2000	24	30	FULL	1	5546
256	184	159	5422	2000	25	23	FULL	1	6334
260	205	66	1669	1072	3	5	FULL	2	4265
225	150	192	5434	1236	21	24	FULL	2	8462
295	206	106	3659	1125	0	0	FULL	7	17740
245	201	92	2578	1160	0	0	FULL	1	12072
315	156	173	1258	567	0	0	FULL	2	12803
249	174	243	9334	2000	20	17	FULL	2	31561
256	200	147	5220	2000	0	0	FULL	1	17346
376	262	106	5281	1071	0	0	FULL	3	22273
329	266	85	1980	1146	13	18	FULL	1	32648
298	184	191	1323	419	45	53	FULL	3	9809
256	172	102	175	300	28	28	FULL	8	15924
255	185	116	3448	2000	0	0	FULL	2	5857
308	150	228	8221	2000	11	11	FULL	1	13500
391	220	99	4063	2000	0	0	FULL	1	1415
204	122	220	5126	2000	5	8	FULL	2	6259
318	161	127	1313	923	10	12	FULL	2	11829
301	199	75	1161	1079	12	13	FULL	3	15922
197	128	179	3879	2000	22	34	FULL	2	26212
240	159	118	2920	2000	17	22	FULL	1	28124
283	208	196	8740	2000	0	0	ALL_EDGES	1	11816
218	149	259	2465	630	22	26	FULL	2	9640
275	237	115	4522	887	22	29	FULL	1	20996
285	222	71	1260	970	26	25	FULL	2	10028
329	242	94	3787	818	0	0	FULL	4	3899
277	204	133	4815	2600	15	15	FULL	2	10852
320	231	115	2023	1035	12	9	FULL	2	16709
355	235	138	4600	782	15	15	FULL	1	23586
212	171	96	2191	2000	16	16	ALL_EDGES	2	7404
290	159	184	1895	521	32	36	ALL_EDGES	3	5350
340	205	136	1966	531	0	0	FULL	2	31087
241	153	311	11626	2000	24	25	FULL	2	23104
239	129	113	2233	2000	18	17	FULL	1	25395
297	221	175	8119	2000	0	0	FULL	1	23264
241	191	185	595	250	29	28	FULL	1	12885
472	307	83	4848	573	0	0	FULL	2	20239
307	187	200	8498	2000	0	0	FULL	3	15545
280	135	199	1455	514	0	0	FULL	2	8985
340	219	114	4632	1140	0	0	FULL	2	29887
341	104	183	110	250	0	0	FULL	3	27188
234	135	237	1635	278	27	29	FULL	4	17069
262	166	195	6681	2000	0	0	CORNERS	4	12425
280	243	271	16391	2000	25	21	ALL_EDGES	1	24789
355	262	167	9873	2000	0	0	FULL	4	27471
380	224	206	11882	2000	0	0	FULL	2	28650
392	214	209	11795	2000	0	0	FULL	3	1618
422	297	108	6493	1076	16	13	FULL	1	26772
394	260	190	12538	2000	0	0	FULL	2	135
312	214	187	1000	389	0	0	FULL	1	26157
261	205	309	1567	250	0	0	FULL	3	19486
319	213	184	8725	1223	0	0	FULL	4	28629
296	222	190	9162	2000	0	0	ALL_EDGES	2	4255
367	156	236	9909	2000	39	46	FULL	1	28128
320	227	185	1255	554	23	25	FULL	3	6171
449	284	106	6237	1033	0	0	ALL_EDGES	1	27636
318	218	194	9679	2000	0	0	FULL	1	25144
302	198	259	4448	857	0	0	FULL	3	12194
290	292	184	1209	358	31	33	FULL	3	27890
263	188	334	16549	2000	0	0	FULL	2	2281
307	181	362	19400	1316	0	0	FULL	2	28686
328	238	225	13230	1263	0	0	FULL	3	13999
301	191	269	868	422	29	30	FULL	2	29746
398	240	131	6750	1146	0	0	FULL	4	20400
341	191	285	15318	1297	0	0	FULL	2	3542
461	352	95	6758	1001	0	0	FULL	3	4045
435	360	105	7738	1010	0	0	FULL	2	22653
347	261	193	1680	378	0	0	FULL	3	21744
386	262	134	1741	426	21	27	FULL	2	18780
416	327	128	4690	943	13	13	FULL	1	17902
405	290	115	1012	250	17	20	FULL	2	16051
274	263	215	1162	250	0	0	FULL	2	22283
318	216	240	13051	2000	0	0	FULL	2	3463
474	327	81	4987	885	16	17	FULL	1	24120
345	247	159	8505	2000	11	4	FULL	1	26104
421	266	175	11700	1213	0	0	FULL	1	12635
350	287	125	7000	1122	0	0	FULL	3	26060
388	265	171	3325	672	9	13	FULL	1	18263
269	192	301	14663	2600	0	0	FULL	2	32564
297	174	298	13965	1302	0	0	FULL	6	17011
240	165	314	2337	855	9	8	FULL	2	14476
355	273	129	7062	846	0	0	FULL	1	24497
273	167	295	12582	2000	25	34	FULL	1	16877
274	173	285	12366	2000	0	0	FULL	2	17355
346	298	180	12321	2000	0	0	FULL	2	9708
325	205	218	10846	1198	24	23	FULL	3	2713
290	213	202	2925	1002	24	23	FULL	3	8819
379	269	162	10032	1161	0	0	FULL	1	6942
265	208	298	15675	2600	0	0	ALL_EDGES	2	10521
405	251	191	12421	2000	46	45	FULL	4	1842
365	208	178	8734	1161	17	20	ALL_EDGES	2	29527
486	274	123	7903	1043	18	20	FULL	3	25440
358	309	167	4144	406	18	14	FULL	1	6264
282	204	269	13640	2000	23	24	FULL	2	22491
369	257	154	8714	1214	17	23	FULL	1	23627
336	213	258	6697	717	21	21	ALL_EDGES	1	31871
329	217	218	1054	327	30	29	FULL	2	21688
509	242	158	3802	900	10	8	FULL	1	27556
378	275	177	2423	250	0	0	FULL	2	9701
357	226	167	1822	250	0	0	FULL	3	10138
502	328	88	5858	540	18	19	FULL	3	8185
401	286	170	6298	659	0	0	FULL	2	20246
511	239	143	8767	1100	0	0	FULL	2	31362
348	196	227	744	387	0	0	FULL	1	30457
414	283	158	10693	1142	0	0	FULL	2	14100
441	249	141	8246	1126	12	12	ALL_EDGES	1	27297
300	172	242	850	250	22	26	FULL	1	11923
262	189	254	11075	2000	0	0	FULL	5	11357
258	186	260	850	471	0	0	FULL	7	23737
344	263	216	14157	1744	0	0	FULL	2	474
353	242	169	9294	2000	0	0	FULL	2	7002
355	313	139	2325	754	6	11	FULL	2	13843
289	186	287	6882	1068	0	0	ALL_EDGES	1	13539
436	261	146	8959	1093	0	0	FULL	1	2197
318	191	239	11440	2000	0	0	FULL	1	14643
349	238	175	9497	2000	0	0	FULL	1	23539
385	224	180	2309	575	0	0	ALL_EDGES	1	11034
336	267	196	3587	250	0	0	FULL	5	29073
287	212	287	15732	1275	0	0	FULL	1	3212
429	300	144	3848	746	0	0	ALL_EDGES	1	24132
343	187	242	11873	1243	0	0	FULL	1	14593
300	266	233	1221	342	0	0	ALL_EDGES	1	368
335	258	203	12512	2000	0	0	FULL	1	13419
313	226	219	11826	2000	0	0	FULL	2	17689
359	297	136	8337	1127	9	12	FULL	1	25841
294	174	285	12847	2000	0	0	FULL	1	11338
479	290	126	8522	2000	16	15	FULL	2	27485
285	198	238	11191	2000	0	0	FULL	1	2865
351	237	174	9439	2000	0	0	FULL	3	25373
318	225	217	3456	447	24	21	ALL_EDGES	1	6046
334	212	246	13685	2000	20	22	FULL	3	7236
346	221	203	10896	1177	35	34	FULL	1	9151
375	217	191	2030	523	0	0	FULL	2	28673
314	210	235	12198	2000	0	0	FULL	2	31158
332	244	179	9816	2000	23	24	ALL_EDGES	1	23524
386	217	173	9019	1183	17	23	FULL	3	21288
372	181	231	11191	2000	33	33	FULL	1	22807
324	239	213	3729	250	21	27	FULL	1	31341
448	243	142	3084	250	0	0	FULL	1	31568
361	278	164	3729	976	11	14	FULL	5	3888
291	194	291	14850	2000	21	25	FULL	2	31165
352	275	180	11567	2000	0	0	ALL_EDGES	1	7011
376	183	181	8037	1171	0	0	ALL_EDGES	2	10087
392	247	129	6750	2000	9	6	FULL	6	4238
291	245	217	12183	2000	26	23	FULL	1	11377
393	176	209	9773	2000	0	0	FULL	1	29966
313	223	180	1362	590	21	20	FULL	1	10461
420	287	129	837	317	29	22	FULL	2	16205
290	248	215	12136	2000	23	21	FULL	1	18363
312	228	247	14140	1287	0	0	FULL	1	14832
332	302	154	9811	2000	0	0	FULL	2	26339
284	212	242	12122	2000	38	34	FULL	2	17137
349	174	207	3675	1011	0	0	FULL	2	24121
456	346	105	4851	1234	13	21	FULL	3	25976
365	325	130	8680	870	34	34	FULL	1	19847
327	262	193	11632	2000	0	0	FULL	2	18806
293	198	266	13330	2000	0	0	FULL	1	28341
226	134	475	2653	835	0	0	FULL	1	1862
380	250	194	2109	461	0	0	ALL_EDGES	1	11251
257	166	364	16352	2000	36	37	FULL	3	15450
300	288	214	14245	2000	0	0	FULL	3	6507
307	237	253	15225	2000	0	0	ALL_EDGES	1	31718
381	208	246	14332	2000	0	0	FULL	2	12871
392	241	206	2632	418	0	0	FULL	1	9591
331	266	176	2154	715	20	17	FULL	2	14224
375	249	215	3280	483	0	0	FULL	2	19280
363	286	140	2320	598	7	6	FULL	1	26106
297	229	272	703	296	0	0	FULL	2	26063
386	192	248	13579	1977	0	0	FULL	2	31829
345	196	229	11563	1221	0	0	ALL_EDGES	2	17925
302	193	232	10746	2000	0	0	FULL	1	18821
389	267	159	3861	832	12	7	FULL	1	5790
300	207	217	10462	2000	0	0	FULL	3	17527
352	250	176	10137	2000	0	0	FULL	2	2400
355	262	134	7187	1161	9	13	FULL	2	29290
350	275	193	4680	853	0	0	FULL	3	2235
391	235	147	7735	1136	0	0	FULL	1	9861
472	331	93	2015	523	18	17	FULL	2	10756
411	272	165	10952	880	29	38	FULL	1	12296
285	304	155	1944	540	0	0	FULL	3	1098
360	275	196	2067	395	0	0	FULL	1	28324
324	191	201	9037	2000	22	21	FULL	1	28813
390	296	143	9339	891	14	14	FULL	1	14433
446	245	169	4662	885	12	9	FULL	1	11349
370	319	132	2557	766	0	0	FULL	2	29849
343	239	214	2782	444	20	19	FULL	2	8448
330	200	190	8725	2000	22	22	FULL	2	3082
418	343	108	3828	250	0	0	FULL	1	17207
346	219	203	10927	2000	0	0	FULL	1	20395
301	187	258	12151	2000	0	0	FULL	7	4273
282	181	245	10537	2000	29	30	FULL	2	14733
455	277	155	10686	836	17	16	ALL_EDGES	3	27296
364	221	192	10400	2000	0	0	ALL_EDGES	2	10236
384	210	192	7083	2024	18	15	FULL	1	20825
387	201	174	1417	443	0	0	FULL	2	13965
321	238	203	11284	2000	25	24	FULL	6	6161
420	320	100	6291	817	14	15	FULL	1	19567
401	245	157	5719	1492	0	0	FULL	1	12132
314	207	223	3712	250	23	20	FULL	1	5943
289	176	267	5238	1555	0	0	FULL	1	5417
457	224	181	6697	739	0	0	ALL_EDGES	3	26346
318	243	238	14578	2000	0	0	FULL	1	11719
495	343	73	2100	607	0	0	FULL	2	24013
481	286	127	8540	1085	0	0	FULL	2	19595
369	226	150	2312	663	17	16	FULL	1	17445
346	198	212	10425	2000	24	19	FULL	5	5505
412	264	115	6262	1057	10	8	FULL	1	19214
278	250	224	12617	1239	21	26	FULL	1	7479
303	245	210	3317	974	0	0	FULL	1	17782
247	217	326	3762	386	23	29	FULL	1	26967
413	217	150	2902	977	11	15	FULL	5	11286
292	281	153	8362	2000	29	34	FULL	3	20741
326	239	213	3465	250	0	0	FULL	3	568
307	237	212	3503	250	25	26	FULL	2	6277
342	225	175	8923	2000	0	0	FULL	1	11888
344	220	243	14189	2000	0	0	FULL	1	25699
401	270	171	11248	1198	9	11	FULL	1	21841
341	242	164	8667	2000	16	20	FULL	2	13553
350	290	152	3751	250	0	0	FULL	1	11116
328	181	211	2512	250	25	26	FULL	1	11707
230	171	396	4355	250	21	22	FULL	1	8431
382	306	158	11100	1153	0	0	FULL	6	1710
291	171	310	14353	2000	0	0	FULL	6	4137
403	230	146	7614	855	0	0	FULL	1	11182
384	341	119	8122	822	0	0	FULL	1	19523
346	195	215	10483	2000	0	0	FULL	1	20848
211	169	351	1600	426	0	0	ALL_EDGES	2	26752
331	237	159	5387	250	16	23	FULL	1	13860
278	211	264	13624	2000	27	30	FULL	1	3172
322	279	162	9512	2600	0	0	FULL	1	18460
306	228	208	10918	2000	0	0	ALL_EDGES	3	4844
277	202	296	2887	250	26	32	FULL	3	26645
330	200	206	9774	2000	0	0	FULL	2	20374
413	309	98	5812	800	0	0	FULL	2	29435
391	188	184	8586	1172	0	0	FULL	2	20785
354	281	146	8671	1211	0	0	FULL	1	18163
334	225	205	11144	2000	24	26	FULL	1	22492
315	210	279	15725	2000	0	0	ALL_EDGES	2	9510
299	243	213	1054	250	30	33	FULL	2	15175
288	230	188	9250	1243	0	0	FULL	1	23010
285	242	224	12493	2000	0	0	FULL	3	6648
494	245	162	10510	1110	0	0	FULL	1	3269
334	159	273	11890	2000	29	29	FULL	1	18514
465	327	122	1961	584	36	40	FULL	2	16
309	200	202	9237	2000	0	0	FULL	3	5002
398	234	178	10246	1195	0	0	FULL	2	19750
326	281	158	9352	2600	0	0	FULL	1	4339
312	285	173	4185	940	0	0	FULL	2	18046
314	241	232	13702	2000	23	28	ALL_EDGES	1	18664
375	282	137	8207	856	0	0	FULL	1	10664
440	316	111	4836	666	14	12	ALL_EDGES	2	17418
294	206	322	2886	452	0	0	FULL	2	14391
330	204	275	15318	2000	0	0	FULL	1	29438
404	300	128	3007	250	0	0	FULL	1	20869
343	202	180	3075	554	19	18	FULL	1	23098
284	185	256	2524	485	23	22	FULL	1	5246
328	239	222	13160	2000	0	0	FULL	1	19942
412	297	160	11368	874	0	0	FULL	2	16048
318	268	146	7862	2000	0	0	FULL	2	9243
456	182	212	11060	2000	0	0	FULL	2	7010
369	276	143	8424	1133	0	0	ALL_EDGES	1	20231
523	313	107	3955	535	16	18	ALL_EDGES	3	1690
406	252	181	11488	2000	5	2	FULL	2	26587
499	201	194	11349	1181	6	11	FULL	1	10596
313	197	252	12617	1517	24	18	FULL	1	20687
309	175	269	739	316	0	0	ALL_EDGES	3	29862
328	251	237	15112	2000	0	0	ALL_EDGES	1	10325
388	218	171	3436	282	0	0	FULL	3	9319
298	270	204	12474	2000	0	0	FULL	6	15259
461	303	118	6072	711	15	9	FULL	1	14217
322	284	159	9425	2000	0	0	FULL	6	19025
362	310	129	2653	869	0	0	FULL	2	31921
318	258	190	11005	1709	0	0	FULL	1	24979
357	285	142	2160	435	0	0	FULL	2	3335
294	197	269	13376	2000	41	39	FULL	1	27398
378	271	151	2077	691	0	0	ALL_EDGES	1	3470
345	165	236	10206	2000	31	34	FULL	1	23928
351	237	163	8532	2000	12	16	FULL	4	31688
343	287	198	13630	2600	0	0	FULL	1	14225
338	224	190	3161	250	0	0	FULL	1	16557
341	289	158	1209	349	0	0	FULL	1	31553
334	240	181	9845	2000	31	38	FULL	4	21945
419	307	151	6864	1164	0	0	FULL	2	20323
376	246	168	1875	399	15	16	FULL	3	10394
370	214	221	12425	2000	31	30	FULL	4	26021
292	190	226	2562	729	10	9	FULL	1	8042
464	328	101	2325	455	17	18	FULL	7	28142
302	241	212	2743	250	0	0	FULL	1	27953
384	214	164	4468	663	14	14	FULL	8	13367
