251	192	248	10728	1273	0	0	FULL	1	23584
350	206	160	7210	2000	0	0	FULL	1	3414
238	189	166	5715	1993	28	29	FULL	3	7257
229	158	152	4097	2000	36	34	ALL_EDGES	1	18150
217	184	238	8920	1343	0	0	FULL	2	29397
254	201	166	6281	2000	31	32	FULL	2	7469
296	204	190	8441	2600	0	0	FULL	1	12573
274	157	197	6579	2000	22	19	ALL_EDGES	3	4981
358	183	177	7475	2433	0	0	FULL	4	11623
345	206	134	1843	508	9	8	FULL	2	14481
295	175	87	2313	1116	0	0	FULL	1	16080
204	135	237	6266	2000	0	0	FULL	1	331
293	256	141	6741	1529	6	4	FULL	2	2424
291	226	160	2436	733	0	0	ALL_EDGES	1	8226
391	318	85	4672	1012	14	15	FULL	2	18441
289	223	116	1177	740	6	13	FULL	5	15430
285	169	218	1071	250	0	0	ALL_EDGES	2	17186
281	260	157	7923	2000	0	0	ALL_EDGES	2	12429
294	190	216	9372	2000	34	44	FULL	2	24015
319	201	163	3391	1088	0	0	FULL	2	4542
281	248	107	4335	1176	0	0	ALL_EDGES	1	22985
261	212	154	1989	831	0	0	FULL	5	4718
180	132	233	2337	265	0	0	FULL	3	8927
271	120	260	7505	2000	0	0	FULL	1	24816
281	229	117	4515	1166	26	29	FULL	2	30408
266	182	133	702	387	17	20	FULL	1	31666
316	273	87	3720	1095	0	0	FULL	3	28584
341	176	191	989	250	0	0	FULL	2	32640
242	206	150	5407	2000	0	0	FULL	1	19483
241	184	102	895	250	10	11	FULL	2	15820
302	189	149	1674	908	0	0	FULL	2	325
294	179	161	4012	1274	0	0	FULL	2	26928
334	187	193	1488	506	0	0	ALL_EDGES	2	31230
259	209	176	7163	2600	25	24	FULL	6	11832
210	126	244	6266	2000	35	38	FULL	2	7555
490	304	77	1794	458	0	0	FULL	1	18992
216	146	142	3343	2000	38	40	FULL	1	5096
227	202	208	513	419	29	27	FULL	1	17940
230	194	189	6987	1281	14	11	FULL	2	23699
292	228	128	2125	571	12	14	FULL	2	14988
411	267	105	5531	1055	12	13	FULL	2	8278
210	111	322	8212	2000	0	0	ALL_EDGES	3	17524
353	265	70	591	361	17	24	FULL	1	15015
266	217	199	9050	2000	0	0	FULL	3	25508
307	244	153	7521	1200	6	8	ALL_EDGES	2	16430
197	170	252	8559	2000	3	10	FULL	6	30659
243	171	275	10948	2000	0	0	FULL	3	16835
346	236	147	2160	850	0	0	CORNERS	3	8463
393	215	136	2334	900	10	12	FULL	3	29717
193	117	333	8670	2000	20	20	FULL	2	24542
248	183	252	1276	271	0	0	FULL	1	26171
349	168	196	7935	2000	27	25	FULL	1	11396
292	289	136	862	478	0	0	FULL	2	15093
335	255	88	3652	1030	0	0	FULL	2	1732
307	193	143	875	250	35	36	FULL	5	13362
231	197	121	671	408	0	0	FULL	1	26024
271	174	116	3344	1173	18	19	FULL	4	18718
457	229	110	5370	786	0	0	FULL	1	22991
252	148	121	2884	2000	16	14	FULL	2	25783
228	157	126	3082	2000	0	0	ALL_EDGES	2	3296
269	252	140	6327	2000	0	0	FULL	7	23344
352	292	112	6106	826	0	0	FULL	1	8114
386	315	94	5416	812	0	0	FULL	1	11496
306	174	178	6669	2000	24	25	FULL	1	24742
295	204	159	6422	2000	19	23	FULL	2	628
271	192	183	1539	603	0	0	FULL	2	12449
322	273	137	7296	889	13	16	FULL	4	8067
294	202	144	5499	2000	0	0	FULL	2	29794
433	277	96	5163	1038	18	21	FULL	1	1088
329	227	127	5529	1192	0	0	FULL	2	13192
231	156	124	3042	2000	0	0	FULL	2	3362
233	220	88	801	826	0	0	FULL	1	2689
260	172	213	1510	457	0	0	CORNERS	6	27403
324	154	191	6707	2000	0	0	FULL	1	15527
272	239	130	5448	1170	0	0	FULL	1	11011
216	164	211	6682	1284	27	27	FULL	1	54
264	166	218	7818	1256	0	0	FULL	3	29177
304	202	170	1312	643	0	0	FULL	1	29908
277	221	189	8671	1262	33	38	FULL	3	11379
240	184	192	6910	2000	0	0	FULL	7	725
317	157	170	1003	396	21	24	FULL	2	5785
282	159	257	1713	444	0	0	FULL	2	5526
315	203	133	5142	1182	14	15	ALL_EDGES	2	22403
321	160	146	1477	513	0	0	FULL	1	173
221	223	193	8027	2000	0	0	FULL	3	7230
267	208	153	5916	2000	22	22	FULL	2	23559
285	213	173	7497	2000	41	44	FULL	1	16057
222	173	273	2310	781	0	0	ALL_EDGES	2	10099
325	240	147	7176	2000	0	0	FULL	1	22644
373	280	111	3450	637	0	0	FULL	2	14704
258	158	110	2736	1197	4	7	FULL	2	22680
287	192	210	8958	2000	29	29	FULL	1	21089
223	186	182	1095	551	5	5	FULL	2	25719
294	229	142	6108	2000	15	18	FULL	2	8279
319	161	225	8809	2000	0	0	FULL	4	7679
393	247	123	6336	1110	0	0	FULL	3	8639
303	183	172	6593	2000	26	30	FULL	1	23165
255	224	131	4965	2000	0	0	FULL	1	20576
256	221	186	8148	2000	0	0	ALL_EDGES	2	25574
288	189	138	1485	250	0	0	FULL	1	1313
264	174	252	10120	2600	0	0	FULL	2	29678
293	265	136	1827	656	0	0	FULL	1	24443
252	163	182	5812	2000	35	35	FULL	2	21776
206	135	162	3618	2000	0	0	FULL	2	29589
277	168	182	6307	2000	0	0	ALL_EDGES	1	29303
289	259	113	4964	1148	6	7	FULL	1	13479
237	170	186	6030	2000	31	38	ALL_EDGES	1	23962
208	132	127	241	478	23	27	FULL	1	15829
323	162	219	1276	399	37	38	FULL	2	5039
364	274	115	6095	1134	14	16	FULL	1	25509
295	194	184	1218	618	0	0	FULL	1	12235
288	203	128	4650	2000	0	0	ALL_EDGES	2	620
273	227	186	8671	1225	0	0	FULL	1	29302
261	193	149	5212	2600	20	23	FULL	6	7582
306	206	87	1314	1048	0	0	ALL_EDGES	4	2732
299	268	118	2251	1010	0	0	FULL	2	22523
350	198	123	4726	1152	0	0	FULL	2	22368
230	149	304	588	250	29	28	FULL	1	32010
307	180	153	5559	1815	0	0	FULL	5	15436
220	177	193	6360	1305	0	0	FULL	1	19282
306	235	160	7682	2000	19	22	FULL	1	2143
239	176	225	8312	2000	0	0	ALL_EDGES	1	23075
364	209	125	5234	1101	8	10	FULL	3	3470
234	123	121	2327	2000	0	0	FULL	3	4540
369	253	102	2232	569	12	16	FULL	1	29726
320	239	124	5538	1158	0	0	FULL	1	22739
230	169	298	11649	2000	0	0	FULL	1	24117
302	178	213	8809	2000	0	0	FULL	2	10620
254	187	180	6519	2000	0	0	FULL	2	4478
243	182	102	2713	1156	9	12	FULL	2	18410
280	180	149	1672	562	19	22	FULL	2	30279
224	178	213	1130	505	0	0	FULL	3	1823
303	185	204	8636	1199	0	0	FULL	1	7732
269	154	277	2116	496	0	0	FULL	2	18666
327	178	199	8234	1244	0	0	FULL	1	22251
309	167	184	665	327	0	0	FULL	1	23835
255	172	103	99	311	0	0	ALL_EDGES	3	24635
180	127	198	693	250	0	0	FULL	1	1448
229	141	233	3435	1454	24	21	FULL	4	29450
200	145	154	328	344	0	0	FULL	1	14160
242	161	297	11362	2000	0	0	FULL	2	8556
327	189	121	2512	1114	15	12	FULL	1	10649
168	139	151	2996	783	0	0	FULL	1	2928
318	168	215	8648	2000	0	0	FULL	4	14377
294	230	156	7056	2000	19	18	FULL	1	26846
275	227	72	1183	582	0	0	FULL	1	31151
418	205	123	5376	1091	0	0	FULL	4	3209
309	251	122	1501	466	0	0	FULL	1	15439
302	234	120	4998	1140	17	17	FULL	2	11244
255	234	176	598	250	29	26	FULL	4	20337
291	240	121	1215	250	0	0	FULL	1	606
256	204	163	6213	2000	0	0	FULL	3	31227
303	214	131	5193	1464	0	0	FULL	4	3244
321	182	180	1260	282	0	0	FULL	3	16135
336	276	81	772	391	29	33	FULL	6	670
304	238	159	7682	2000	0	0	ALL_EDGES	2	5488
217	131	158	3501	2000	0	0	FULL	1	19657
362	230	138	6635	433	0	0	FULL	4	22710
295	186	156	5703	2000	20	19	FULL	1	10236
178	129	283	7234	2000	0	0	FULL	4	16591
234	219	224	10131	2000	24	26	ALL_EDGES	1	11231
307	241	155	7567	2000	0	0	FULL	2	13493
259	154	213	2737	250	23	18	FULL	3	12253
278	221	188	1288	593	37	41	FULL	2	13494
387	262	93	4446	810	0	0	FULL	10	22385
250	230	113	4426	2000	28	33	FULL	3	24682
240	114	238	871	250	2	3	FULL	4	2438
279	194	176	6916	2600	21	27	FULL	1	18526
377	223	137	6497	1151	0	0	ALL_EDGES	1	6409
270	180	155	600	343	0	0	FULL	5	13057
288	236	81	1793	1110	0	0	FULL	1	5687
222	113	179	3667	2000	32	33	FULL	4	21163
295	282	102	4700	1138	0	0	FULL	1	7149
360	212	151	6934	1168	0	0	FULL	3	1886
222	165	204	6480	2000	0	0	FULL	1	23185
277	170	117	1034	667	9	13	FULL	1	4715
311	190	179	7318	2000	0	0	FULL	1	21250
263	179	95	2538	872	17	16	FULL	2	28042
307	182	134	4612	1169	7	7	ALL_EDGES	1	6475
357	243	110	2631	1142	13	16	FULL	3	97
329	224	157	7360	2000	0	0	ALL_EDGES	4	5249
362	143	233	8808	2000	0	0	FULL	1	24170
280	175	174	6145	1235	0	0	FULL	4	6962
339	159	158	3034	1436	18	15	FULL	1	4944
277	173	157	5197	2000	24	23	FULL	3	3613
302	245	101	1417	250	9	9	FULL	3	18534
278	205	167	893	369	34	38	FULL	1	10147
308	225	108	1357	852	9	5	FULL	3	27090
283	163	184	1147	434	3	9	FULL	2	31526
281	201	186	504	250	0	0	FULL	6	2220
161	143	194	4405	2600	25	26	FULL	5	7721
259	207	158	6086	2120	0	0	ALL_EDGES	3	15378
271	149	211	6817	1771	30	35	FULL	1	27799
258	213	155	6043	2000	0	0	FULL	6	282
391	262	73	3120	454	16	17	FULL	2	14261
223	144	233	1035	522	22	25	FULL	2	8797
380	263	120	6360	1398	9	10	FULL	1	11851
373	252	91	3995	1062	13	23	FULL	2	850
308	216	159	6961	2000	0	0	FULL	1	24476
296	206	140	5423	2000	0	0	FULL	1	19630
314	242	86	3217	1050	0	0	FULL	3	3478
252	190	156	5407	1222	0	0	FULL	2	32061
406	307	92	5244	1025	15	17	FULL	3	9504
295	157	161	840	445	0	0	FULL	1	4503
341	220	154	7164	2000	0	0	FULL	1	6657
201	172	246	595	252	0	0	FULL	1	25895
257	159	256	1795	250	27	24	FULL	2	22988
225	147	197	1020	455	0	0	FULL	1	30994
265	169	191	6579	2000	7	9	FULL	1	23918
279	194	211	1403	500	0	0	FULL	1	29591
271	211	211	9624	1394	45	47	FULL	1	29102
264	228	174	2688	250	0	0	FULL	1	6182
327	180	128	4387	902	0	0	FULL	1	8825
306	202	154	6232	2000	0	0	FULL	3	3714
366	271	116	2714	1038	12	19	FULL	2	15529
269	187	149	5145	2000	26	25	FULL	1	4844
359	344	97	2904	1016	0	0	ALL_EDGES	1	2416
302	250	86	1579	851	0	0	FULL	2	21639
337	206	166	3990	559	0	0	FULL	2	22465
326	196	164	6888	2000	0	0	ALL_EDGES	1	26496
342	296	74	3337	1002	0	0	FULL	2	9544
303	242	157	7659	731	0	0	ALL_EDGES	1	19982
417	261	105	5497	2306	0	0	FULL	1	8657
275	240	83	2854	1099	17	18	FULL	1	1155
261	153	112	558	407	18	20	FULL	3	7349
307	212	176	8015	2000	21	19	FULL	2	9577
381	297	66	502	250	16	17	FULL	3	21796
306	198	190	8314	2000	0	0	FULL	2	1570
308	220	125	5057	1148	10	11	FULL	1	25020
279	238	173	770	320	0	0	FULL	3	8108
206	164	253	2354	625	0	0	FULL	1	20342
482	340	70	4266	250	0	0	FULL	1	4429
206	172	239	8194	2000	22	24	FULL	2	930
287	165	223	2047	537	0	0	FULL	6	9757
256	192	112	770	554	4	8	FULL	2	14402
260	232	141	969	604	21	17	FULL	1	16384
186	157	187	2920	1495	26	27	FULL	1	4493
196	153	251	7552	2000	23	23	ALL_EDGES	1	13024
298	239	168	8292	2000	0	0	FULL	1	28007
264	192	109	1380	1099	12	15	FULL	3	2138
376	247	124	6210	1090	6	9	ALL_EDGES	1	3755
256	202	183	7315	2000	35	35	FULL	4	16246
323	198	180	7900	2000	0	0	FULL	1	30803
310	150	184	6018	2000	0	0	FULL	1	19006
264	190	230	3990	250	26	25	FULL	1	10988
341	250	100	4343	2000	32	35	FULL	1	14883
187	120	332	1515	736	20	25	FULL	3	5168
157	113	253	5044	2000	0	0	FULL	1	21157
290	247	91	3432	841	0	0	FULL	1	3878
277	190	161	1071	414	44	52	FULL	7	4020
293	175	146	607	349	32	26	FULL	1	12790
301	182	209	1173	371	0	0	FULL	2	3246
244	174	199	6970	2000	0	0	FULL	2	26034
273	259	170	2472	515	10	7	FULL	2	19398
299	243	131	5842	902	9	16	FULL	2	20152
377	202	72	2222	534	15	17	FULL	1	30752
321	221	163	1265	442	0	0	ALL_EDGES	4	31435
269	190	166	569	455	30	27	FULL	2	11758
367	214	146	6762	904	40	38	FULL	1	27281
277	177	174	3111	250	0	0	FULL	1	27316
334	234	154	7548	2000	16	13	FULL	2	12861
305	228	107	4177	1141	30	30	FULL	2	10332
352	216	139	6153	1174	16	16	FULL	3	2917
337	212	119	4734	1165	14	14	FULL	3	18896
279	185	145	982	660	0	0	FULL	2	13146
332	193	178	1483	649	0	0	FULL	2	26266
302	183	136	4672	678	17	17	FULL	3	20468
208	148	212	1293	495	0	0	FULL	3	5094
429	338	100	4335	998	0	0	ALL_EDGES	1	29598
304	241	212	1534	250	0	0	FULL	1	30726
432	178	176	6979	1160	0	0	FULL	3	29099
406	277	111	5212	1670	15	13	FULL	1	32082
282	177	251	10662	1307	0	0	FULL	3	4483
392	305	130	8385	841	16	12	FULL	2	6892
293	249	171	8775	2000	0	0	ALL_EDGES	2	6400
286	235	215	2291	250	7	6	FULL	2	8757
368	266	204	2020	386	35	38	FULL	2	12903
380	251	204	13182	2000	8	11	FULL	1	12124
436	374	89	6278	250	0	0	ALL_EDGES	2	29088
363	257	156	8845	1212	0	0	FULL	1	12915
351	270	153	8917	875	0	0	FULL	1	20042
391	208	228	12987	2000	0	0	ALL_EDGES	2	7892
321	252	229	14263	2000	0	0	FULL	1	16615
285	158	300	12447	2000	40	42	FULL	3	19510
352	222	198	1550	573	0	0	FULL	1	13839
422	222	166	9083	1161	11	11	FULL	4	32293
378	196	183	8694	2000	7	8	ALL_EDGES	7	14512
276	198	319	16817	2000	25	26	ALL_EDGES	1	12627
330	218	188	9382	2000	0	0	FULL	3	10700
543	250	129	8137	1015	7	13	ALL_EDGES	1	7349
364	247	173	8804	1229	17	17	FULL	1	29183
272	227	202	9800	2000	26	33	FULL	1	19587
323	263	194	2046	412	0	0	FULL	1	1583
419	247	141	7902	1128	0	0	FULL	3	19507
308	258	232	2627	699	0	0	FULL	1	32024
470	335	118	8806	1060	0	0	FULL	2	29049
364	233	219	3848	250	21	20	FULL	4	9366
305	161	274	11556	1997	0	0	FULL	1	13730
295	230	199	1512	384	37	37	FULL	2	22556
312	246	261	16560	2000	30	31	FULL	1	22095
394	282	140	8649	1166	9	12	FULL	1	13519
335	237	158	1687	250	18	26	FULL	2	16432
332	276	213	14313	2000	0	0	FULL	5	5695
358	241	180	10168	2000	16	18	CORNERS	1	20913
298	255	178	9571	1228	20	25	FULL	7	15048
367	244	174	9889	2000	29	34	FULL	2	456
342	309	184	13201	1632	0	0	FULL	3	8260
344	237	190	2325	250	23	22	FULL	1	12249
360	222	206	11484	2000	41	42	FULL	2	8202
250	151	330	12775	2000	21	25	FULL	4	128
363	197	244	5810	1115	0	0	FULL	2	987
345	247	206	12407	2000	43	38	FULL	4	21474
296	244	229	13183	1220	0	0	FULL	1	10309
290	265	241	15299	1257	0	0	FULL	1	319
391	248	140	1917	250	0	0	FULL	10	22705
398	216	168	8787	1218	0	0	FULL	4	3357
428	357	114	8575	1076	0	0	FULL	2	30136
363	190	239	12243	2156	0	0	FULL	2	14332
538	333	109	8424	1430	0	0	FULL	2	7707
324	262	229	14956	2000	0	0	FULL	2	5915
310	197	271	13959	2000	0	0	FULL	1	23143
292	190	244	11178	1245	0	0	FULL	1	10451
350	262	179	2392	730	0	0	FULL	1	26729
304	251	230	13842	1229	0	0	FULL	1	21778
311	204	244	12462	2000	0	0	FULL	2	21013
329	294	181	2292	614	0	0	FULL	1	31667
420	195	225	2608	715	0	0	FULL	1	11658
292	263	162	8587	2000	0	0	FULL	1	14798
451	310	133	9490	1092	15	20	FULL	1	1973
330	240	208	11995	1213	0	0	FULL	1	8798
394	192	245	1813	250	0	0	ALL_EDGES	3	1627
342	193	266	14017	2000	0	0	FULL	2	1702
383	245	133	6912	1137	0	0	FULL	2	1918
225	190	361	744	250	21	18	FULL	2	30524
293	210	252	5146	479	0	0	FULL	3	23419
362	227	237	14430	2000	20	25	FULL	6	17317
300	173	278	3175	338	28	25	FULL	3	24606
333	241	157	1712	523	3	6	FULL	1	31935
321	235	165	8287	1169	0	0	FULL	2	20634
506	295	124	8732	1055	18	24	FULL	1	7711
379	192	225	11698	2000	31	36	FULL	3	13404
242	206	269	3159	839	25	24	FULL	1	25420
352	276	169	10609	2000	0	0	FULL	1	27783
325	245	207	12078	2600	0	0	ALL_EDGES	5	28141
374	183	198	9058	2000	0	0	ALL_EDGES	2	31228
488	391	102	8560	798	0	0	FULL	2	18484
387	313	161	4641	250	0	0	FULL	2	19121
293	259	204	11795	2000	23	22	FULL	4	6797
414	286	147	3167	651	0	0	FULL	2	7808
314	210	189	8912	2000	0	0	FULL	3	6987
502	317	97	6556	265	15	19	FULL	1	15145
481	268	152	4992	1073	12	15	FULL	5	23329
335	249	162	1849	438	0	0	FULL	1	30884
426	277	140	8910	1145	14	12	FULL	1	18202
356	281	155	2495	456	15	19	ALL_EDGES	2	8613
274	195	234	500	304	0	0	FULL	2	20958
290	203	230	10908	2000	32	32	FULL	1	18209
306	238	199	10715	2000	0	0	FULL	3	797
387	344	124	8794	1082	0	0	FULL	2	20806
356	255	149	2794	521	0	0	FULL	1	8102
366	264	182	3920	987	0	0	FULL	1	15290
422	283	164	2710	688	4	8	FULL	1	32629
303	217	190	9075	2000	26	24	FULL	2	5630
340	330	130	2581	250	8	15	FULL	8	32343
305	243	168	8562	1111	0	0	FULL	3	30334
435	290	147	10082	852	15	19	ALL_EDGES	6	31388
343	205	178	8312	2000	0	0	FULL	1	17276
320	226	200	10512	2000	0	0	FULL	3	22947
314	157	335	15295	2000	0	0	FULL	1	9393
423	370	105	7837	1016	15	21	FULL	1	6167
235	204	384	1295	324	20	26	FULL	1	14901
320	236	192	1015	330	0	0	FULL	3	25196
383	180	240	2838	250	8	9	ALL_EDGES	1	28719
367	310	171	12343	2000	0	0	ALL_EDGES	3	19411
427	142	305	1905	250	28	30	ALL_EDGES	5	27932
450	239	135	7496	1097	35	38	FULL	1	31663
246	174	293	12187	2000	24	21	ALL_EDGES	3	4255
436	296	152	4368	997	11	6	FULL	2	11010
372	334	133	2178	250	2	3	FULL	2	14181
334	207	224	11594	2000	0	0	FULL	1	24653
333	175	285	825	250	0	0	FULL	1	26538
387	251	180	11077	1189	0	0	FULL	2	19073
382	273	149	9036	1159	11	10	FULL	1	14706
294	219	194	9275	1983	0	0	FULL	2	22308
296	145	314	1795	250	24	23	FULL	1	31776
352	242	181	10276	2000	17	20	FULL	1	4639
357	261	145	8032	2000	0	0	FULL	2	6094
329	313	121	2112	250	8	9	FULL	1	25385
404	282	162	10933	1179	0	0	FULL	4	17209
410	234	162	2619	475	8	6	FULL	5	7704
299	239	218	12043	2600	21	19	FULL	1	21644
339	202	269	14966	2000	26	26	FULL	4	12476
305	209	243	12555	2000	0	0	FULL	1	14220
250	153	434	4537	250	21	21	FULL	2	15430
534	283	83	4775	349	0	0	FULL	2	12259
368	246	193	2222	510	20	18	ALL_EDGES	3	21832
296	188	260	12296	2000	25	23	FULL	1	4624
266	212	221	3462	250	26	29	FULL	1	1426
371	222	151	7437	882	0	0	FULL	1	7436
413	273	146	2854	791	0	0	FULL	2	31037
385	164	247	11361	2000	0	0	FULL	3	2448
447	283	138	9187	1073	0	0	FULL	1	6748
369	277	162	10164	912	0	0	FULL	5	17331
394	272	144	8788	1130	9	14	ALL_EDGES	2	30564
437	243	184	11778	1157	0	0	FULL	3	24670
303	197	292	15470	2000	0	0	FULL	2	9615
436	274	155	10341	852	0	0	FULL	1	26645
415	261	134	2668	490	9	10	FULL	2	31442
422	285	104	5900	1044	0	0	FULL	1	26749
385	244	133	2350	666	9	5	FULL	3	15419
311	204	244	12462	2000	26	23	FULL	7	26244
356	195	224	11268	2000	0	0	FULL	2	24316
464	310	121	2432	423	0	0	FULL	5	30843
382	204	198	10323	2000	0	0	FULL	1	7328
369	269	156	4851	250	0	0	FULL	1	30653
359	257	179	10774	2000	0	0	FULL	2	27854
289	175	308	14353	2000	33	32	FULL	1	32373
395	241	194	3200	636	0	0	FULL	2	21012
323	214	225	5177	1387	0	0	ALL_EDGES	1	27054
473	334	117	4847	250	13	14	ALL_EDGES	3	18274
395	277	114	6362	1081	0	0	FULL	1	1610
385	274	176	11599	2000	6	10	FULL	1	1033
302	213	209	10246	1991	0	0	ALL_EDGES	2	11975
338	259	166	986	341	0	0	FULL	2	20296
441	327	108	4758	1279	14	15	FULL	2	31236
292	189	226	3450	250	24	24	FULL	3	8332
425	264	129	2624	672	9	10	FULL	1	19299
366	311	171	8736	1200	0	0	FULL	2	22812
393	223	177	9656	2000	15	16	FULL	6	12257
401	253	152	8943	2000	8	4	ALL_EDGES	1	14378
283	257	213	12245	2000	34	33	FULL	1	13121
237	181	313	13797	2000	0	0	ALL_EDGES	1	368
345	214	225	12177	2600	48	45	FULL	2	28897
303	226	198	9990	2000	0	0	FULL	1	2494
405	212	204	11480	1213	0	0	FULL	1	29630
340	242	200	11632	1298	22	29	FULL	1	1322
361	340	150	11118	1166	10	17	FULL	2	30040
353	273	192	12580	2000	0	0	FULL	3	10338
424	215	181	10032	1161	9	12	FULL	1	7153
336	172	252	3944	619	0	0	FULL	6	14742
329	250	164	8829	1165	0	0	FULL	2	8589
441	292	120	7672	2000	0	0	FULL	1	27583
364	265	161	9579	2600	0	0	FULL	1	23839
367	300	141	8974	1143	7	7	FULL	2	4230
379	310	106	2650	250	0	0	FULL	1	29134
420	294	134	3861	250	0	0	FULL	1	5928
423	405	113	4621	561	0	0	FULL	1	21818
410	299	119	7380	1109	11	11	FULL	2	4375
394	255	164	4587	1254	0	0	FULL	3	17641
422	238	125	3475	975	0	0	FULL	2	30928
427	347	125	6160	1118	14	14	FULL	2	4609
329	206	289	16536	2000	0	0	FULL	1	10127
414	198	202	10659	2000	18	16	FULL	3	15014
361	248	219	13942	2000	6	9	FULL	1	5058
383	271	188	12655	2000	0	0	ALL_EDGES	1	28
317	233	211	11547	2000	0	0	FULL	7	23278
300	259	213	12688	2000	0	0	FULL	1	24770
366	286	158	3085	250	0	0	FULL	1	580
373	259	150	2247	457	0	0	CORNERS	3	19100
362	286	140	4103	961	13	13	FULL	1	2074
421	330	104	6873	814	0	0	FULL	4	22857
323	273	153	8613	2000	5	5	FULL	1	23659
269	205	227	10400	2000	0	0	FULL	1	27713
471	375	110	9009	1001	14	14	FULL	2	30323
337	246	199	11649	982	30	31	FULL	4	8794
281	250	207	11324	2000	34	31	FULL	2	17648
276	245	185	9362	2000	25	24	FULL	1	13090
369	265	190	12265	2000	18	18	FULL	1	12572
365	176	257	2013	250	41	44	ALL_EDGES	4	23326
362	265	151	2871	695	10	12	FULL	3	25567
409	235	161	5022	1325	14	23	FULL	3	10778
319	278	164	9599	2000	18	17	FULL	2	14591
408	291	164	11544	1192	17	22	FULL	1	109
386	308	105	6175	1092	13	11	FULL	1	31145
440	299	118	2046	530	16	12	FULL	6	2594
328	261	192	2178	692	5	2	FULL	1	3720
355	283	154	9501	1191	0	0	FULL	1	7546
326	188	318	4465	322	21	19	FULL	1	21826
338	284	131	2512	250	10	6	FULL	1	28327
292	216	213	1201	525	0	0	FULL	2	26643
237	203	260	11725	2600	22	24	FULL	1	790
365	228	198	11203	1213	6	3	FULL	1	1780
372	257	162	8292	1190	0	0	FULL	3	3728
311	200	250	1550	420	0	0	FULL	1	27776
300	243	171	8687	2000	21	18	FULL	1	13400
296	237	222	12214	2000	23	24	FULL	1	18660
424	293	149	10286	840	10	10	FULL	1	10189
289	189	248	11326	2000	30	34	ALL_EDGES	2	21732
388	322	124	3162	742	10	8	FULL	1	22419
450	289	119	7564	1042	0	0	FULL	6	19152
383	252	150	8482	1196	0	0	FULL	1	9990
400	315	115	536	300	16	22	FULL	1	26318
467	291	136	9453	1079	0	0	FULL	2	18539
445	308	143	10393	1104	17	17	FULL	2	4725
336	233	250	15327	2000	0	0	FULL	3	10943
433	363	93	5133	1194	0	0	FULL	2	8948
332	286	142	3523	1101	0	0	FULL	1	29
386	266	151	9052	1160	0	0	FULL	1	17885
370	271	174	1750	250	14	12	FULL	1	7195
332	124	423	17587	2000	0	0	FULL	2	31183
432	306	102	6250	1044	0	0	FULL	2	7591
299	199	327	18271	2000	24	24	FULL	3	29464
394	265	139	8076	1107	0	0	FULL	1	27141
514	289	131	2457	512	0	0	FULL	1	2034
301	277	162	9139	2000	20	18	FULL	2	31914
351	281	168	1468	380	33	31	FULL	7	12694
412	244	154	2573	771	16	17	FULL	4	26248
347	209	213	11129	1140	23	22	FULL	1	10677
406	227	136	6800	1105	11	11	ALL_EDGES	1	28949
302	257	201	3441	981	23	23	FULL	1	24728
405	286	134	2790	250	0	0	FULL	3	27485
371	218	216	2905	250	23	26	FULL	1	22499
301	196	262	13082	2000	30	31	FULL	1	30914
349	261	171	3580	250	11	10	FULL	1	23615
304	301	136	7775	1184	0	0	FULL	2	1792
342	227	187	9889	2000	22	21	FULL	1	5352
384	246	185	11252	1171	0	0	FULL	2	23780
304	119	371	526	356	0	0	FULL	1	6204
337	244	189	10695	1183	0	0	FULL	2	14749
305	228	222	12059	2600	0	0	FULL	1	13560
349	271	186	332	277	0	0	ALL_EDGES	1	28227
312	221	226	2030	425	1	1	FULL	6	4558
323	245	158	8100	2600	0	0	FULL	1	18543
303	233	234	4900	402	0	0	FULL	1	21114
363	274	185	629	250	0	0	FULL	1	10224
293	220	194	9300	2000	0	0	FULL	2	12145
303	162	398	19890	2000	7	5	ALL_EDGES	1	11848
357	258	168	9858	2000	0	0	FULL	1	30745
381	329	99	6062	814	16	19	FULL	2	29037
440	234	189	11895	872	40	40	FULL	1	19981
504	297	110	5445	662	0	0	FULL	5	3446
359	240	180	10137	2000	0	0	FULL	1	22350
369	210	175	2484	654	0	0	FULL	1	29554
345	238	237	3588	853	26	26	FULL	2	9246
488	342	111	8417	1035	0	0	ALL_EDGES	3	6846
370	214	183	2813	504	0	0	FULL	1	7052
299	196	214	9637	2000	39	38	FULL	3	6908
414	258	164	2590	557	0	0	ALL_EDGES	2	21944
308	242	220	12721	2000	0	0	FULL	1	22182
322	167	270	12035	2000	0	0	FULL	3	8004
377	318	146	10185	1192	0	0	FULL	3	26151
443	309	128	8890	845	17	21	FULL	6	20208
390	268	167	10657	2000	0	0	FULL	1	1394
339	202	184	8487	2000	0	0	FULL	2	9363
483	308	131	9613	835	28	32	FULL	2	27659
295	215	244	3038	491	0	0	FULL	2	29845
301	198	261	542	285	0	0	FULL	3	9543
312	250	185	1682	612	0	0	FULL	4	29299
375	330	150	10915	1154	0	0	FULL	1	2136
388	347	115	3224	517	0	0	FULL	2	8349
387	308	138	9256	879	0	0	FULL	1	27983
334	287	161	2340	250	0	0	FULL	3	5325
400	297	114	2565	250	9	10	FULL	4	15103
406	234	131	6687	1139	0	0	FULL	4	9850
480	326	99	6246	1543	15	16	FULL	1	120
388	356	113	4216	601	0	0	ALL_EDGES	2	29600
362	291	176	2627	537	4	8	FULL	2	9327
295	275	154	8350	2000	19	21	FULL	2	22890
447	235	119	6125	2000	0	0	FULL	2	17382
434	299	112	6989	1046	0	0	FULL	2	31497
321	258	213	13020	2000	0	0	FULL	2	6144
392	231	193	11375	2000	14	16	FULL	7	25853
372	254	212	13900	2000	20	20	FULL	1	24495
342	264	172	10152	2000	0	0	FULL	2	6209
345	282	206	14180	2600	25	28	FULL	1	8437
394	268	147	8850	1169	11	7	FULL	1	3730
353	219	213	11764	1243	19	19	FULL	1	32485
438	349	101	7114	998	0	0	FULL	2	18809
484	229	176	4173	740	0	0	FULL	2	19014
336	268	206	13283	2000	0	0	FULL	3	21866
322	259	162	8842	2000	16	16	FULL	2	17998
466	255	155	3478	250	0	0	FULL	4	18102
250	196	297	14123	2000	0	0	FULL	3	8450
397	300	164	11661	1151	17	15	FULL	1	21456
391	245	152	8439	1170	17	12	FULL	3	7811
405	245	126	6575	1118	15	16	FULL	2	16700
329	217	231	1930	321	22	26	FULL	2	8634
324	219	276	897	262	0	0	FULL	1	28342
338	277	145	8221	1186	14	14	FULL	7	5858
416	217	172	9300	1176	0	0	FULL	1	22537
407	241	138	7384	1142	0	0	ALL_EDGES	3	11944
392	260	143	8192	873	16	12	FULL	3	20879
357	309	113	1937	439	29	29	FULL	1	28380
385	258	156	9207	890	37	38	FULL	1	28422
359	250	139	7275	1192	13	12	FULL	1	19871
371	211	173	8559	2000	0	0	FULL	5	29952
364	302	168	11673	1014	3	6	FULL	3	6458
409	229	155	8352	879	0	0	FULL	2	3132
473	303	129	9157	1093	0	0	FULL	1	11330
372	223	235	14196	1237	0	0	FULL	3	12350
284	213	274	14586	2000	0	0	FULL	2	11307
448	363	95	6835	320	0	0	FULL	1	4776
400	255	195	3100	588	0	0	FULL	1	31442
301	157	265	1500	411	41	41	FULL	1	6531
348	296	189	13260	2000	0	0	FULL	2	22271
332	197	268	14262	2000	23	29	FULL	2	9748
331	167	281	12927	1505	27	26	FULL	1	18209
402	272	142	3937	1078	0	0	FULL	2	17609
369	256	175	10527	1750	0	0	ALL_EDGES	3	10518
377	197	167	1037	374	0	0	FULL	1	523
393	180	262	13801	2000	0	0	FULL	1	26549
452	162	238	4060	548	11	14	FULL	6	21848
526	349	101	7788	250	17	19	FULL	3	3211
356	239	146	2050	801	7	5	ALL_EDGES	2	12102
328	153	249	775	304	30	31	FULL	1	29525
292	237	239	13530	664	0	0	FULL	4	29274
372	304	111	2550	517	10	11	FULL	3	21543
335	257	179	10462	2000	0	0	FULL	1	6779
393	290	171	7351	1457	0	0	FULL	1	7472
496	289	94	5643	851	0	0	FULL	2	17266
291	196	219	425	350	28	28	FULL	1	1925
308	197	255	12787	2000	5	5	FULL	7	25740
366	256	177	7771	1209	0	0	FULL	5	24443
294	175	282	3726	250	0	0	FULL	3	30380
398	356	131	3644	250	0	0	FULL	1	13752
277	172	263	10987	2000	0	0	FULL	4	14761
351	261	213	13942	2000	0	0	FULL	3	19939
365	214	237	4218	545	0	0	FULL	4	24516
364	190	224	11160	1209	0	0	FULL	1	7557
386	290	165	4329	545	0	0	FULL	1	717
357	194	254	13457	2000	0	0	FULL	1	478
427	298	114	3726	250	0	0	FULL	2	10600
390	284	177	12187	2000	0	0	FULL	5	27130
433	270	158	10471	1117	0	0	FULL	1	3397
355	209	168	7975	2000	8	10	FULL	1	16243
386	260	124	2600	511	0	0	ALL_EDGES	2	3129
494	287	138	9750	1099	0	0	FULL	3	19804
278	245	256	15155	2000	21	25	FULL	1	7772
327	216	233	4059	1085	0	0	FULL	2	27129
394	300	148	10027	1182	8	14	FULL	5	8310
394	294	172	8980	1179	0	0	FULL	1	23872
291	250	200	10976	2000	0	0	FULL	2	32393
360	158	326	15910	639	23	27	FULL	2	6931
464	237	168	10434	1115	0	0	FULL	1	17183
327	239	198	11067	2600	28	25	FULL	3	17582
311	250	161	1762	553	0	0	ALL_EDGES	1	1576
337	195	190	8637	1229	0	0	FULL	2	21218
386	230	152	7911	876	0	0	ALL_EDGES	2	22438
320	244	198	11191	2000	0	0	FULL	2	8563
403	258	149	2790	675	8	13	FULL	3	1288
268	212	273	7285	1031	24	21	FULL	3	7728
516	269	105	5321	1221	0	0	FULL	1	27249
321	220	219	11687	1225	27	27	FULL	2	28595
479	316	122	2053	597	0	0	FULL	1	13220
367	265	150	8642	909	13	15	FULL	3	4894
319	219	223	11826	2000	0	0	FULL	1	5763
328	251	189	10819	1010	22	21	FULL	4	1856
322	201	193	2437	892	10	11	FULL	2	26316
395	317	116	7409	1101	11	10	FULL	2	614
305	193	212	1325	395	36	42	FULL	4	7970
283	190	289	14074	2000	0	0	FULL	1	17915
251	176	284	2162	641	0	0	FULL	3	30950
433	305	140	9916	1118	12	13	FULL	1	18299
266	258	181	9425	1626	0	0	FULL	2	26541
443	242	182	11641	1162	0	0	FULL	1	25015
312	271	232	5538	983	0	0	FULL	2	25501
268	269	228	13761	2073	0	0	FULL	1	31340
316	182	270	12973	1300	23	25	FULL	1	22668
363	162	213	8787	2000	20	17	FULL	3	24467
292	212	233	11759	2000	0	0	ALL_EDGES	2	22784
375	220	200	2937	250	0	0	FULL	1	9111
289	206	227	10854	2000	8	9	FULL	3	10100
377	228	193	10906	2000	0	0	FULL	8	20379
359	177	197	8525	2600	21	23	ALL_EDGES	3	26429
339	255	145	7612	1162	16	15	FULL	1	3917
324	258	197	1188	344	0	0	FULL	4	1924
280	236	248	5742	1141	0	0	FULL	2	1099
392	288	178	12500	2000	0	0	ALL_EDGES	2	24604
280	165	335	15143	2000	0	0	FULL	2	15334
286	205	280	14701	2000	0	0	ALL_EDGES	1	8326
328	266	177	1426	388	0	0	FULL	1	25939
250	177	281	1150	362	0	0	FULL	5	2031
457	363	99	7359	1024	0	0	ALL_EDGES	2	28810
420	371	87	5872	990	0	0	FULL	2	31605
330	256	230	14859	494	0	0	FULL	1	14564
268	166	370	528	441	0	0	FULL	1	21348
334	270	183	181	250	0	0	FULL	2	29054
389	237	158	8613	1170	36	36	FULL	1	13539
307	202	232	913	305	0	0	FULL	1	15853
406	263	154	9504	1163	0	0	FULL	2	26617
475	199	175	2475	731	17	16	FULL	1	4953
318	250	195	11144	2000	23	22	FULL	1	26754
282	246	209	3436	1010	26	29	FULL	5	2228
408	259	175	11266	872	8	5	FULL	1	25220
338	202	256	13842	2000	1	0	FULL	2	3774
385	248	184	4620	1088	17	17	FULL	1	7391
330	206	200	9639	2000	0	0	FULL	2	27865
289	206	227	10867	2000	0	0	FULL	1	31784
381	225	157	8086	1152	11	11	FULL	2	20935
310	189	213	9462	2323	0	0	FULL	3	27350
356	204	186	9004	2000	7	6	FULL	1	19703
401	211	183	9718	2000	0	0	FULL	1	20489
278	174	299	1450	379	25	26	FULL	3	21567
339	239	215	4497	1065	0	0	FULL	2	10814
296	205	254	12989	2000	0	0	FULL	1	11537
385	255	158	9253	1173	5	8	FULL	2	10410
426	254	153	9256	1146	7	7	FULL	1	29398
343	224	190	9932	2000	22	19	FULL	2	32156
311	212	295	17121	2000	31	36	FULL	4	10109
360	231	223	1313	342	0	0	FULL	3	4746
336	263	220	14430	2600	32	32	FULL	2	10705
289	147	342	14094	2000	24	23	FULL	2	3664
423	304	144	2423	689	0	0	ALL_EDGES	3	6086
312	212	296	17121	2000	28	29	FULL	2	8995
326	272	219	14605	2000	0	0	FULL	1	22450
263	179	266	2087	680	0	0	FULL	3	197
377	225	147	7287	1136	15	16	FULL	3	6925
368	232	181	4216	588	18	21	FULL	1	13767
395	241	163	4309	525	0	0	FULL	1	9457
349	266	179	10906	2000	0	0	FULL	3	2968
330	239	171	9274	1205	0	0	FULL	5	6180
406	260	156	2904	250	8	8	FULL	1	16980
354	229	178	9512	2000	0	0	FULL	1	8311
286	230	191	9337	2000	0	0	ALL_EDGES	2	2038
352	246	190	1897	635	23	25	FULL	2	19054
451	239	135	3291	989	0	0	FULL	1	30255
307	278	193	3399	250	22	23	FULL	1	31928
360	182	205	9382	2000	0	0	FULL	4	22325
425	355	109	4422	1160	0	0	ALL_EDGES	2	1753
328	218	176	8437	2000	24	24	FULL	1	12423
343	279	193	4495	250	20	21	FULL	2	26140
298	252	179	9598	1205	0	0	ALL_EDGES	11	29932
275	266	226	13563	2000	0	0	FULL	8	30552
232	208	280	13243	2000	0	0	FULL	6	23612
311	259	155	8175	1212	18	28	FULL	2	20934
347	296	180	2960	250	19	20	FULL	3	7315
336	146	315	13531	2600	27	28	FULL	2	4841
275	310	229	16107	2000	0	0	ALL_EDGES	1	2361
541	346	107	2260	670	0	0	ALL_EDGES	2	15845
261	194	306	15004	2000	0	0	FULL	3	31356
285	194	226	10112	2000	0	0	FULL	3	8316
350	194	199	9355	2000	0	0	FULL	1	28222
503	336	110	8251	1107	14	14	FULL	5	25030
290	235	257	14875	2000	0	0	FULL	2	16796
347	214	249	14300	2000	20	24	FULL	1	19970
331	283	165	10137	1188	0	0	FULL	1	31333
322	234	206	11361	2000	24	21	FULL	2	12400
432	303	118	7688	838	0	0	FULL	5	32019
310	218	185	1550	500	19	21	FULL	4	21486
446	298	147	10510	1100	9	7	FULL	2	27606
435	273	138	3432	954	0	0	FULL	1	20132
408	302	150	4199	779	0	0	FULL	2	31457
337	230	251	15327	1215	28	27	FULL	1	12461
357	192	242	12408	2000	0	0	ALL_EDGES	3	9547
308	190	266	13035	2000	0	0	ALL_EDGES	1	21588
467	247	143	3267	917	10	13	ALL_EDGES	4	16875
353	253	140	7362	1188	5	7	FULL	2	31865
436	241	128	2970	797	0	0	FULL	1	7140
317	308	189	13135	2000	20	16	FULL	5	16400
255	239	204	10150	2000	29	34	ALL_EDGES	2	28993
344	252	191	2722	250	0	0	FULL	2	5848
418	269	137	8354	1100	4	9	FULL	3	18845
350	264	157	9019	2600	0	0	FULL	2	2116
403	351	138	4407	551	11	7	FULL	8	11264
456	405	84	6401	1090	0	0	ALL_EDGES	1	7158
296	225	187	9112	2000	0	0	FULL	1	14993
375	242	138	7100	848	7	10	FULL	5	19741
435	255	140	3208	727	0	0	FULL	2	601
315	289	192	12547	1232	39	43	FULL	2	23377
370	222	177	9294	2000	0	0	ALL_EDGES	1	15071
393	294	161	4107	529	11	7	FULL	5	29138
291	227	205	1431	573	0	0	FULL	1	31496
367	224	188	10261	2000	19	25	FULL	3	25950
324	289	177	2788	623	20	19	FULL	1	7694
327	244	194	10974	1836	25	29	FULL	1	26777
391	296	169	11934	1189	31	33	FULL	9	11773
295	191	330	17519	2000	0	0	ALL_EDGES	1	16263
346	188	254	12886	2000	31	30	ALL_EDGES	1	22641
391	248	129	6750	1146	0	0	FULL	1	19353
369	248	192	3377	507	29	27	FULL	5	22882
282	238	215	11513	2000	30	36	FULL	2	20411
274	188	302	2883	383	0	0	FULL	3	8834
319	182	268	12865	1272	0	0	FULL	2	5286
361	227	176	7047	1225	0	0	FULL	2	1756
305	263	206	12408	2000	6	10	FULL	1	7458
295	179	293	13903	2000	36	40	FULL	1	3651
326	292	163	2480	748	30	34	ALL_EDGES	2	8270
426	289	134	8712	1110	9	0	ALL_EDGES	2	25624
253	255	194	9962	1715	0	0	FULL	4	20835
465	426	99	8599	1007	0	0	FULL	1	7953
331	282	188	12145	2000	39	38	FULL	1	5308
545	244	109	6220	436	16	17	FULL	4	2882
471	351	94	6649	250	15	15	FULL	2	8578
410	337	141	10744	419	0	0	FULL	2	16374
350	286	194	3412	484	26	27	FULL	4	21518
416	254	185	12070	2000	0	0	FULL	1	14362
331	252	198	11715	1775	0	0	FULL	1	627
230	219	249	11662	2000	0	0	FULL	2	10353
291	180	238	3200	1106	0	0	FULL	4	21348
440	297	119	7626	1058	18	19	FULL	2	18287
406	244	176	3342	896	17	19	FULL	1	32190
349	245	192	11286	2600	0	0	ALL_EDGES	1	19529
322	208	299	17400	2000	29	28	FULL	2	21550
362	217	198	10555	2000	0	0	FULL	4	31761
353	286	163	5808	250	0	0	FULL	1	18483
225	205	294	13716	2600	22	25	FULL	1	17964
298	202	275	14305	2000	0	0	FULL	4	17191
322	264	206	12827	2000	22	29	FULL	5	13884
328	208	183	8600	2000	21	22	ALL_EDGES	2	6290
312	253	196	1674	591	36	40	FULL	3	32610
299	197	313	16983	2000	10	4	FULL	3	10498
328	190	216	1552	628	38	42	FULL	3	11247
360	264	163	9703	2000	0	0	FULL	2	27988
339	234	195	3379	293	20	26	FULL	2	20125
381	204	199	1906	489	0	0	FULL	4	32133
315	172	250	10908	2000	0	0	ALL_EDGES	1	11867
282	202	309	16415	1316	50	51	FULL	10	7268
325	230	246	14652	2000	5	5	FULL	1	22448
310	197	329	1820	385	0	0	FULL	3	3768
328	237	160	1137	389	0	0	FULL	5	25929
375	291	151	9784	1181	0	0	FULL	6	14061
332	159	256	10773	2000	0	0	FULL	2	9629
380	364	98	6493	803	0	0	FULL	5	15391
342	220	219	12078	2000	0	0	FULL	2	6953
271	230	250	713	250	0	0	ALL_EDGES	2	18959
333	240	206	11896	2000	0	0	ALL_EDGES	2	1542
340	278	164	9966	2000	11	14	FULL	1	6254
358	222	208	11566	2000	0	0	FULL	1	26006
336	242	177	2595	659	0	0	ALL_EDGES	1	1942
381	294	129	7931	1097	0	0	ALL_EDGES	1	31919
308	178	228	9787	2000	9	17	ALL_EDGES	4	16318
408	275	147	9273	2000	0	0	FULL	2	21904
354	264	187	11742	881	0	0	FULL	1	27645
300	246	250	1646	359	0	0	FULL	2	26337
339	207	222	899	298	30	34	FULL	3	23516
348	223	186	9773	2000	0	0	FULL	1	20745
389	247	172	2062	484	0	0	ALL_EDGES	4	22736
320	242	239	14559	2000	0	0	FULL	1	2685
335	197	235	3999	250	0	0	FULL	1	14090
455	307	140	10198	1115	0	0	FULL	1	5998
287	205	212	9787	2000	34	36	FULL	1	9014
481	179	181	8881	1160	10	7	FULL	1	22747
293	236	181	9012	2000	0	0	FULL	2	2968
223	167	418	18600	2000	0	0	FULL	3	14597
376	248	155	4016	924	0	0	FULL	8	28261
415	378	124	3958	900	0	0	FULL	2	11273
376	258	140	7708	1168	13	19	FULL	3	26374
265	162	316	13176	2000	23	23	FULL	2	24538
368	231	148	7387	1972	0	0	ALL_EDGES	1	19787
443	199	176	5921	1473	0	0	FULL	1	17084
250	228	220	10600	2000	36	35	FULL	1	13361
430	276	156	10434	2000	0	0	FULL	1	1109
500	284	123	8277	806	17	19	FULL	3	18447
324	175	220	2787	799	0	0	FULL	1	30137
405	354	129	9842	1114	0	0	FULL	1	4262
361	212	190	1783	643	0	0	ALL_EDGES	1	10699
267	195	317	5214	250	21	25	FULL	1	8634
368	256	164	2325	432	0	0	FULL	3	5580
284	209	212	362	250	0	0	FULL	1	17483
456	274	124	7657	1092	0	0	FULL	2	16659
394	279	168	11229	916	17	24	FULL	1	25769
299	249	222	3745	386	0	0	FULL	1	12193
365	217	171	3064	432	0	0	FULL	4	15188
301	216	193	9162	2000	0	0	FULL	2	28356
397	211	149	7162	860	12	9	FULL	2	17286
390	281	141	8742	1161	0	0	ALL_EDGES	1	5051
419	351	132	10315	1389	10	9	FULL	2	12358
339	271	201	3256	250	0	0	FULL	2	28615
403	238	162	9160	1144	0	0	FULL	4	13589
447	358	103	7573	1049	0	0	FULL	3	13851
317	207	252	5065	1051	23	23	FULL	1	29495
353	139	255	9687	2000	23	22	FULL	1	30377
320	162	298	13500	2000	28	33	FULL	4	22054
236	138	386	2412	497	0	0	FULL	4	30234
416	288	104	5962	1039	0	0	FULL	1	1724
301	193	267	13206	2000	0	0	FULL	3	28269
331	225	208	682	250	28	36	FULL	2	20101
405	188	217	2178	280	19	24	FULL	3	22323
350	276	129	1987	594	0	0	FULL	1	12073
349	244	147	2225	664	14	13	ALL_EDGES	2	32659
282	241	184	9237	1255	12	16	FULL	2	25337
408	266	171	11155	1179	6	8	ALL_EDGES	4	26156
282	200	275	2681	793	21	15	FULL	2	31955
416	236	198	12480	2316	12	11	FULL	1	6890
355	202	188	1174	389	19	24	FULL	2	18919
403	307	109	6669	836	0	0	FULL	2	28782
318	271	216	13912	2000	24	26	ALL_EDGES	4	29348
339	288	128	7200	1151	7	4	FULL	2	2426
322	275	175	1193	504	31	37	FULL	2	3548
400	196	210	1468	366	0	0	FULL	7	27033
338	253	158	8559	2000	5	2	FULL	2	4824
424	279	114	6642	1058	13	11	FULL	1	21707
325	265	214	13745	2000	0	0	FULL	1	18253
405	259	186	12285	1164	0	0	FULL	3	22194
277	245	271	16483	2000	28	26	FULL	2	15199
365	265	160	9563	1218	16	26	FULL	2	12695
463	316	126	9157	1094	11	13	ALL_EDGES	3	29030
358	237	148	7487	1188	0	0	FULL	3	4529
297	177	237	10137	776	0	0	FULL	1	27011
270	173	394	19776	2000	0	0	FULL	2	27806
358	158	326	15928	1983	26	30	FULL	4	17626
245	205	330	1584	416	23	25	FULL	5	32072
354	212	181	1296	250	34	41	FULL	3	18487
434	308	146	10627	1129	0	0	FULL	1	32399
362	274	186	12247	2000	0	0	FULL	2	20487
323	239	174	9153	2000	0	0	FULL	3	11947
347	268	157	9048	2000	8	4	FULL	1	12512
347	222	162	4350	1186	18	18	FULL	1	11735
303	179	250	702	250	29	34	FULL	2	28559
396	312	109	6723	1064	11	8	FULL	1	29421
356	196	251	13405	2000	0	0	FULL	1	14808
362	277	154	9424	1197	36	35	FULL	2	24421
268	172	338	15515	2000	0	0	FULL	1	3944
347	229	183	1957	514	0	0	FULL	4	24250
314	149	353	3465	525	23	25	FULL	1	28186
432	225	139	7222	1106	0	0	FULL	1	31142
447	322	128	9379	1096	0	0	FULL	1	7132
309	226	265	6105	250	0	0	FULL	2	6559
327	211	211	841	619	0	0	FULL	3	6232
270	286	163	8900	2000	23	28	FULL	1	5673
234	207	299	14587	2000	21	22	FULL	3	12943
336	207	279	16087	2000	0	0	FULL	1	32295
342	209	216	11284	2000	0	0	FULL	1	1546
385	269	120	6587	351	0	0	FULL	3	31044
