314	293	125	6773	1188	15	20	FULL	2	3975
255	197	228	598	250	0	0	FULL	1	29228
258	164	130	3613	2000	18	21	FULL	2	12212
345	266	126	1552	417	0	0	FULL	1	4228
300	112	345	11028	1325	14	15	FULL	1	9256
228	194	191	7046	2000	0	0	FULL	1	159
345	168	181	7024	2000	0	0	FULL	3	26223
227	106	228	4955	2000	35	39	FULL	3	482
446	259	104	5520	781	0	0	FULL	2	31089
331	168	207	8337	2000	0	0	FULL	4	29176
218	160	159	4273	2000	32	36	FULL	3	6065
227	197	101	2785	2000	16	20	FULL	1	9421
251	185	97	2619	379	8	11	FULL	2	26425
293	150	218	7457	2000	0	0	FULL	1	24310
295	185	156	5703	2000	27	31	ALL_EDGES	2	11481
300	151	144	1813	631	13	15	FULL	6	5989
235	178	156	1111	827	8	13	FULL	1	29708
268	192	186	7220	2000	27	27	ALL_EDGES	2	24643
244	185	265	2736	250	0	0	FULL	1	24719
311	177	192	2394	543	0	0	FULL	2	26298
284	125	127	2799	2600	7	14	ALL_EDGES	1	17801
265	164	240	199	280	0	0	FULL	1	20673
308	151	139	1417	957	0	0	FULL	2	7186
292	158	207	2261	811	0	0	FULL	2	3098
203	180	151	330	321	0	0	ALL_EDGES	1	26801
218	189	183	6225	2000	0	0	FULL	1	26642
300	228	110	4260	1142	14	15	FULL	1	1713
255	175	257	2553	795	0	0	FULL	3	27682
259	130	253	7573	2000	0	0	FULL	1	20234
277	220	140	5584	2000	0	0	FULL	3	4316
332	218	145	6447	920	0	0	ALL_EDGES	2	21486
242	180	149	539	365	0	0	FULL	5	19204
271	199	195	8127	1222	0	0	FULL	1	2988
251	218	156	6145	2000	0	0	FULL	2	12698
267	191	166	833	377	34	34	ALL_EDGES	2	13374
244	197	176	263	290	0	0	ALL_EDGES	2	7100
302	233	164	1288	600	21	26	FULL	2	19498
233	150	273	9186	2000	0	0	FULL	2	8565
238	150	98	2089	1209	0	0	FULL	2	23727
301	159	114	3173	1152	10	13	FULL	2	15464
211	147	146	364	347	32	30	FULL	1	13111
231	194	144	1306	306	0	0	FULL	4	844
404	267	107	5612	1053	0	0	FULL	2	32496
275	223	171	7591	1198	0	0	FULL	1	11219
322	225	159	7475	2000	0	0	FULL	4	26790
317	240	157	2076	481	0	0	FULL	1	13849
393	216	112	4807	1106	31	34	FULL	5	22632
281	188	161	5907	2000	0	0	FULL	3	25542
212	190	186	1837	258	27	27	FULL	2	6989
284	206	111	2047	359	14	13	ALL_EDGES	2	27327
273	184	89	2416	1131	13	17	FULL	3	2919
357	320	105	6156	1114	0	0	FULL	3	1424
307	203	136	3230	950	0	0	ALL_EDGES	1	28092
279	198	209	2472	753	11	13	FULL	1	25789
216	171	230	2414	250	0	0	FULL	2	24968
272	212	129	4792	2000	13	13	FULL	2	21742
318	179	166	6346	2000	0	0	CORNERS	2	22366
301	251	99	4050	1112	0	0	FULL	4	9743
328	219	119	1003	250	0	0	FULL	2	13985
271	180	174	807	250	0	0	FULL	2	19049
266	169	257	10189	2000	24	32	FULL	3	30282
217	160	215	952	416	0	0	FULL	2	14761
264	159	179	5640	2000	36	36	FULL	2	14937
329	280	92	1895	1005	0	0	FULL	1	26127
344	284	67	2749	602	6	7	FULL	1	7485
347	155	177	6260	2000	18	19	FULL	1	17948
240	209	171	6536	1947	36	37	FULL	1	17898
178	121	210	4365	2000	0	0	ALL_EDGES	1	17687
435	277	95	5152	1005	0	0	FULL	2	5461
252	166	108	2740	917	16	15	FULL	2	1542
247	244	124	4912	2000	0	0	FULL	3	27516
412	275	102	3921	689	14	15	ALL_EDGES	3	7431
368	264	109	5386	824	0	0	FULL	1	13445
360	187	156	2310	986	11	9	FULL	3	5367
322	244	96	3862	1095	14	19	FULL	1	23644
248	128	141	3127	2000	0	0	FULL	1	2475
282	215	174	7570	2000	24	21	ALL_EDGES	2	9267
300	279	137	7210	2000	0	0	ALL_EDGES	1	6783
300	162	237	9280	1262	32	24	FULL	2	29717
300	222	128	1742	507	0	0	FULL	2	31959
210	136	225	6038	2000	26	28	FULL	2	21408
213	187	88	2100	894	0	0	FULL	1	30873
325	203	128	1470	800	0	0	FULL	2	21416
389	285	140	8711	1136	8	8	FULL	1	18838
376	242	160	8816	907	0	0	FULL	2	17982
309	193	244	11701	2000	21	27	FULL	1	13990
274	160	353	15655	2000	0	0	FULL	2	17935
366	288	176	11895	2000	0	0	FULL	1	30186
297	188	278	13531	2000	26	34	FULL	3	21445
427	222	174	5775	1425	16	19	FULL	2	4264
358	294	119	6787	1115	14	16	FULL	2	19613
404	233	154	8366	1164	0	0	FULL	2	17133
387	295	171	2340	250	40	44	FULL	1	31588
414	257	183	12070	2000	16	13	FULL	1	22279
272	249	184	9400	2000	0	0	FULL	1	27999
334	232	174	9004	2000	0	0	FULL	1	23812
356	196	193	9166	2000	42	42	FULL	1	31673
388	189	239	12582	2600	0	0	FULL	2	15806
231	192	327	15312	2000	37	41	FULL	2	27156
408	239	158	1534	250	0	0	FULL	1	27159
282	242	212	3813	902	0	0	FULL	2	28973
331	261	155	2106	776	0	0	FULL	2	15963
311	171	329	3307	250	0	0	FULL	1	30265
346	273	132	7212	1188	7	9	FULL	1	1676
298	186	262	12296	2600	9	11	FULL	1	16943
390	308	129	8385	875	0	0	FULL	3	29538
241	200	361	18952	2000	22	28	ALL_EDGES	7	30400
318	281	173	10540	2000	0	0	FULL	1	22653
346	214	169	725	332	0	0	FULL	1	30106
393	287	163	11118	1785	0	0	FULL	3	9734
377	160	308	15170	2000	31	31	FULL	2	11623
370	161	242	10744	2000	33	29	FULL	2	26160
412	221	202	12006	2000	17	19	FULL	1	10197
323	277	139	7637	1225	0	0	FULL	3	21425
417	218	182	10131	417	0	0	ALL_EDGES	1	27960
370	241	174	9858	2000	42	41	ALL_EDGES	2	30244
300	213	227	1334	532	33	30	FULL	3	5156
319	241	201	11284	2600	0	0	FULL	1	26062
316	164	337	16222	2000	0	0	FULL	5	657
245	211	242	11175	2000	0	0	FULL	2	3325
284	194	282	1875	497	0	0	FULL	2	8663
423	223	164	9036	883	0	0	FULL	2	939
331	256	160	8680	1159	0	0	ALL_EDGES	1	1187
462	267	126	4991	1318	0	0	FULL	1	1504
389	275	144	8835	1145	0	0	ALL_EDGES	1	22699
367	226	210	892	403	0	0	FULL	1	18708
288	198	271	13562	2000	0	0	FULL	1	911
343	214	225	2244	423	8	3	FULL	4	28398
385	205	159	987	501	0	0	FULL	1	19981
363	288	129	1795	250	2	5	FULL	3	27242
531	339	97	7210	349	0	0	ALL_EDGES	3	19644
384	259	155	9207	1194	5	5	FULL	3	3191
542	171	177	8877	865	12	11	FULL	1	1083
268	212	238	11502	2000	11	16	ALL_EDGES	4	1048
334	201	291	16458	2000	23	20	FULL	1	9544
459	471	90	8287	250	0	0	FULL	4	4862
349	292	162	10428	2000	15	20	FULL	1	4584
328	238	212	3547	948	0	0	FULL	1	28487
382	221	172	9033	2000	12	15	FULL	2	13158
376	216	190	10199	2000	16	19	FULL	2	14642
480	297	102	6380	1026	18	18	FULL	2	15321
364	173	214	9517	1202	0	0	FULL	1	20637
373	208	199	10447	2000	22	19	FULL	2	32145
439	301	147	10608	877	0	0	FULL	1	21182
275	203	224	875	328	0	0	FULL	2	9631
280	276	239	2423	250	0	0	FULL	1	3497
346	263	182	11055	2000	0	0	FULL	3	29323
338	253	169	986	463	18	22	FULL	4	14865
364	268	159	3162	516	0	0	FULL	3	1268
269	179	303	2407	599	25	28	FULL	1	22537
460	209	203	12031	2000	4	6	FULL	2	29727
358	205	239	13072	2000	34	33	FULL	1	9826
301	253	190	10556	2000	27	29	FULL	1	23718
359	245	176	10059	2000	34	37	FULL	3	31498
380	296	173	2574	685	0	0	ALL_EDGES	5	5171
353	252	174	10075	2000	0	0	FULL	1	2289
260	190	373	19647	2223	0	0	FULL	1	17605
347	166	216	9050	2000	0	0	FULL	2	23176
324	218	235	12804	1235	23	22	FULL	2	21151
365	250	148	1890	250	0	0	FULL	2	25732
336	189	308	16867	2208	0	0	FULL	2	14942
388	217	185	9904	2000	0	0	FULL	1	23309
303	211	289	721	250	28	32	FULL	1	6980
302	244	225	12952	2000	27	32	FULL	1	885
390	315	142	9887	1163	0	0	FULL	1	3770
444	293	111	6916	808	0	0	FULL	1	20553
376	241	149	7938	1152	0	0	FULL	6	24787
366	212	160	2400	250	9	13	FULL	2	24722
300	196	213	9612	2000	20	25	FULL	3	4010
520	332	113	8677	1022	17	23	FULL	4	26299
385	309	147	10097	2000	0	0	FULL	2	20771
260	185	323	15391	2000	0	0	FULL	2	6779
299	238	217	12043	1236	0	0	FULL	2	26844
384	249	131	6850	862	10	8	ALL_EDGES	2	32265
265	208	262	3248	527	0	0	FULL	4	734
300	207	233	8468	1402	20	17	FULL	1	14946
380	253	161	9393	1171	0	0	ALL_EDGES	2	9147
350	249	166	5046	1164	0	0	FULL	1	3805
361	337	152	11174	1157	0	0	FULL	1	18607
262	198	318	16219	2000	23	24	FULL	3	18909
322	279	172	2635	621	0	0	FULL	7	31673
294	230	185	9075	2000	0	0	ALL_EDGES	1	4958
413	255	147	1798	402	39	40	FULL	1	7556
319	279	140	7712	2339	25	26	FULL	1	11421
364	251	148	8019	1170	31	37	FULL	7	1385
320	178	340	18037	2000	23	26	FULL	2	68
311	244	165	1525	250	41	38	FULL	2	8788
409	272	122	6952	850	27	28	FULL	3	11059
240	165	316	12762	2000	0	0	ALL_EDGES	3	30327
352	224	159	7800	2000	0	0	FULL	1	1833
221	179	418	19882	1371	0	0	ALL_EDGES	4	21357
385	220	183	1984	492	48	47	FULL	1	1242
335	187	263	13282	2000	26	22	FULL	3	6148
402	214	169	8758	2000	0	0	FULL	2	12716
385	269	139	8178	1138	15	18	FULL	4	5652
289	247	189	1431	579	36	35	FULL	1	5674
291	261	178	9693	2000	0	0	FULL	1	7333
340	188	196	8725	2000	40	37	FULL	1	16449
386	293	146	9487	1185	0	0	FULL	1	16533
372	250	156	1174	250	16	22	FULL	1	13974
400	354	117	4818	1181	13	14	FULL	2	19089
286	229	190	3512	463	26	29	ALL_EDGES	2	20886
417	249	158	9025	1175	0	0	ALL_EDGES	2	10108
344	282	149	1029	340	17	20	ALL_EDGES	1	8754
433	293	154	10900	1110	0	0	FULL	2	19633
342	190	239	1596	372	0	0	FULL	2	23271
407	224	138	6837	1097	11	12	FULL	2	18298
369	215	171	8518	1153	17	19	FULL	2	31583
336	250	173	9628	2000	0	0	FULL	3	1884
303	239	213	1379	250	33	31	FULL	3	10131
408	328	101	6385	1046	14	20	FULL	1	23337
378	217	237	14157	2000	0	0	ALL_EDGES	1	28627
285	177	246	1425	359	28	30	FULL	2	16102
365	276	144	8497	868	0	0	FULL	1	21941
285	247	177	9037	2000	0	0	FULL	2	9196
380	249	196	1961	250	0	0	FULL	6	18687
331	315	129	7870	1194	0	0	FULL	2	1158
292	225	221	971	343	0	0	FULL	3	25421
382	258	147	855	329	0	0	ALL_EDGES	2	5692
244	163	313	12600	1644	2	4	FULL	1	14106
479	282	137	1979	602	0	0	FULL	2	29920
319	269	181	10757	2000	0	0	FULL	3	15937
338	313	175	2497	539	0	0	FULL	3	25345
438	398	89	5611	479	15	17	ALL_EDGES	2	19392
370	297	150	9801	899	0	0	FULL	2	19012
423	290	159	11193	1183	0	0	FULL	2	24248
373	276	150	9160	1179	25	34	FULL	4	4962
353	266	187	11742	2000	0	0	ALL_EDGES	1	27670
416	291	112	6642	802	0	0	FULL	2	12990
424	278	123	7380	854	0	0	FULL	1	27135
348	196	227	11454	2000	28	27	FULL	2	24953
472	289	121	5313	1278	0	0	FULL	1	4864
399	221	210	2719	250	19	19	FULL	29	17344
