286	161	249	4025	465	0	0	FULL	1	19530
338	220	154	7210	2000	0	0	FULL	1	29655
288	227	162	7245	2000	34	31	FULL	4	23582
312	235	157	7532	2000	0	0	FULL	1	25514
275	173	201	7400	2000	0	0	FULL	2	22371
267	232	154	6631	1210	21	22	FULL	2	2676
312	263	140	1587	250	0	0	ALL_EDGES	2	17504
280	234	176	8360	2000	21	21	FULL	1	17931
339	216	130	3562	1512	15	14	ALL_EDGES	4	11787
342	260	107	5016	1098	10	9	FULL	2	28248
346	207	160	7268	2000	0	0	FULL	1	19360
328	225	129	5567	1197	0	0	FULL	1	955
350	216	152	5359	1202	17	14	FULL	2	32470
406	217	119	5376	1113	0	0	FULL	1	28624
322	210	111	4140	1125	0	0	FULL	1	26167
293	204	142	5491	2000	17	17	ALL_EDGES	2	6045
211	148	112	672	496	0	0	ALL_EDGES	1	8063
368	230	88	3502	1017	14	8	FULL	1	10796
281	185	164	493	430	0	0	FULL	2	15318
350	242	136	1782	589	6	11	FULL	2	7153
260	164	199	6766	2000	0	0	ALL_EDGES	4	24298
316	214	126	1997	558	0	0	FULL	5	14990
266	189	109	3289	1210	0	0	FULL	2	12083
247	184	143	4550	2600	0	0	FULL	4	15848
290	181	162	2618	653	19	16	FULL	1	11150
411	229	80	3172	250	0	0	FULL	2	9384
372	249	124	6244	833	0	0	FULL	3	13199
279	162	253	9878	2000	28	26	FULL	1	6048
304	221	157	2572	250	0	0	FULL	2	13409
282	146	279	1552	524	27	21	FULL	1	2341
307	194	142	5372	2000	0	0	FULL	1	27109
347	219	139	6195	897	0	0	FULL	4	12878
252	151	118	814	497	15	12	FULL	1	26527
267	196	143	5062	2000	4	2	FULL	4	30634
405	260	90	4284	775	0	0	FULL	1	24354
260	205	122	4127	2000	0	0	FULL	1	1154
224	170	303	11879	2000	0	0	FULL	1	419
251	150	146	3855	2000	0	0	FULL	1	22532
331	259	135	6842	1195	13	14	FULL	1	7908
245	184	233	5218	1444	0	0	ALL_EDGES	1	22119
285	207	143	5576	2000	9	7	FULL	4	6375
268	141	252	1729	365	0	0	FULL	1	11842
337	202	110	4035	1683	34	35	FULL	3	30827
270	234	134	5448	2000	17	17	FULL	2	918
309	256	145	7302	2000	0	0	FULL	1	714
239	213	166	6460	2000	0	0	FULL	2	20671
242	209	109	913	620	0	0	FULL	2	7223
251	189	179	6545	2000	0	0	FULL	3	27785
379	230	131	6348	1160	0	0	FULL	2	32210
449	275	77	3790	344	0	0	FULL	3	4307
265	236	184	8740	2000	0	0	FULL	2	30595
279	233	131	1249	713	0	0	FULL	3	9355
286	216	170	7423	2600	29	29	ALL_EDGES	2	18575
349	213	161	7572	2000	0	0	FULL	2	14908
330	191	182	7866	2000	0	0	FULL	1	10862
384	244	123	2576	554	0	0	CORNERS	1	27110
273	173	180	6307	2000	21	26	FULL	1	28813
331	193	188	8316	2600	20	19	FULL	1	12750
345	204	106	847	250	0	0	FULL	1	15154
246	214	162	1402	250	0	0	FULL	3	22859
361	246	96	4148	1085	0	0	FULL	2	14018
334	146	247	1308	824	23	24	FULL	1	22330
325	154	211	609	332	30	35	FULL	3	31540
303	189	183	7497	1219	5	2	FULL	3	19082
293	199	164	1539	620	21	26	FULL	4	19744
301	282	89	3847	1092	0	0	ALL_EDGES	2	25688
338	190	147	5833	1204	7	8	FULL	1	15056
368	161	143	4947	1146	16	19	ALL_EDGES	5	1748
309	274	112	931	426	0	0	FULL	2	17962
205	170	128	3262	1236	0	0	FULL	2	3316
304	201	106	3601	849	0	0	FULL	2	6485
301	202	124	997	512	22	28	FULL	2	3140
242	178	198	1487	660	0	0	FULL	4	10458
365	270	117	2139	682	0	0	FULL	1	19626
332	208	152	2047	579	14	18	FULL	1	4719
281	254	119	5159	2087	15	18	FULL	2	7893
281	239	142	6241	2000	19	18	FULL	1	5359
277	226	152	6488	1126	0	0	FULL	1	3760
359	259	123	6325	1111	16	22	ALL_EDGES	2	19250
312	241	153	7463	1198	0	0	FULL	1	4765
356	288	102	5323	1053	0	0	FULL	2	11993
287	251	160	7912	1352	0	0	FULL	2	10774
290	200	181	7591	2000	0	0	FULL	1	29340
331	227	153	7256	2000	0	0	FULL	1	16782
300	207	137	5321	2000	0	0	FULL	1	8655
208	202	107	373	380	0	0	FULL	2	32467
320	160	206	7707	2000	0	0	FULL	1	20140
325	246	94	3810	1076	0	0	FULL	1	20446
289	122	241	1283	281	27	32	FULL	4	5238
303	182	136	4672	2000	0	0	FULL	1	17212
357	306	105	5899	1103	16	15	FULL	2	17130
264	204	65	1137	250	0	0	FULL	3	4852
231	160	121	3010	1160	39	44	FULL	1	18897
326	212	167	7601	2000	0	0	FULL	3	16260
263	162	106	2664	1145	14	20	FULL	2	31271
260	191	111	3344	1161	9	7	FULL	1	32534
345	238	141	1667	434	0	0	FULL	2	27862
316	212	111	4177	1165	0	0	FULL	1	11480
225	181	207	7361	2000	0	0	FULL	1	11527
313	233	144	6604	2000	0	0	FULL	1	30618
316	243	150	678	323	0	0	FULL	2	21428
329	211	122	4845	1133	0	0	FULL	1	7917
293	220	162	7203	1229	7	6	FULL	2	16179
278	206	184	7812	2000	31	32	FULL	2	7690
347	293	93	2441	883	0	0	FULL	2	2052
356	231	139	6716	902	0	0	ALL_EDGES	2	30729
236	163	222	7429	2000	0	0	FULL	4	29747
260	192	130	4251	2000	18	18	FULL	3	25557
242	192	162	5602	2000	0	0	FULL	1	16316
314	229	119	1564	250	0	0	FULL	1	23770
251	195	153	5377	2000	23	23	FULL	2	26548
285	222	151	6374	1173	0	0	ALL_EDGES	7	629
289	185	197	7917	2000	23	24	FULL	3	13253
297	150	191	824	379	0	0	FULL	4	798
197	131	173	3816	2000	0	0	FULL	2	25717
272	192	200	8200	2000	0	0	FULL	1	10207
357	251	134	6876	1148	0	0	FULL	1	307
196	163	203	5941	424	26	22	FULL	1	23691
348	238	139	2553	535	0	0	FULL	5	12763
306	238	165	8124	2000	21	22	FULL	2	10213
310	224	122	1538	481	9	7	FULL	1	16777
343	211	166	2904	856	18	24	FULL	1	16738
476	249	80	2299	335	0	0	FULL	2	17207
187	123	196	261	548	25	26	FULL	2	31768
209	138	292	493	300	0	0	ALL_EDGES	1	5543
253	209	179	7277	2600	39	41	FULL	1	3762
284	224	118	1695	546	0	0	FULL	4	25430
390	274	108	1667	547	0	0	FULL	1	9578
375	260	107	2719	915	0	0	FULL	2	3275
330	159	220	8579	2000	0	0	FULL	1	30782
292	209	173	7423	2000	20	29	FULL	1	7141
194	133	136	2674	2000	21	27	ALL_EDGES	2	23314
412	194	106	3408	377	15	14	FULL	2	13658
388	376	82	5292	987	0	0	FULL	2	29667
279	214	125	787	386	0	0	FULL	2	7057
189	128	308	8437	2000	21	23	FULL	4	18080
246	166	135	3751	2000	23	28	FULL	2	23559
201	131	133	420	492	0	0	FULL	2	26181
264	193	166	6171	2000	0	0	FULL	2	16708
360	227	141	2070	496	9	8	FULL	1	14027
303	174	161	1181	440	4	6	FULL	2	23147
270	194	144	1125	250	0	0	FULL	1	4228
267	218	197	8993	2000	0	0	ALL_EDGES	1	24040
271	195	199	8200	1212	0	0	FULL	1	30480
277	162	123	3404	2000	0	0	FULL	2	5606
293	219	179	8245	2000	0	0	FULL	1	12579
241	168	111	2830	2000	13	17	FULL	1	26162
273	221	158	6650	2000	0	0	FULL	2	25271
182	164	185	4988	2000	0	0	FULL	1	23531
428	242	111	5577	838	38	40	FULL	2	17692
326	269	137	7248	1193	11	16	FULL	5	23299
309	158	173	5856	1194	0	0	FULL	3	12127
281	188	199	1365	671	0	3	FULL	1	23365
392	269	109	2794	1022	0	0	FULL	1	23976
249	226	98	3217	2000	0	0	FULL	9	17940
314	175	155	5533	1187	0	0	FULL	2	13382
280	203	185	1680	604	0	0	FULL	1	26845
375	230	87	3442	1039	0	0	ALL_EDGES	5	21974
200	149	185	638	344	0	0	FULL	1	9205
239	179	129	3729	2000	0	0	FULL	2	21082
296	195	95	2937	1138	13	12	ALL_EDGES	1	27024
298	206	122	855	451	24	19	FULL	1	28329
394	183	159	6808	1145	0	0	FULL	1	2164
314	218	124	4998	1140	0	0	ALL_EDGES	2	23351
266	220	197	966	523	0	0	FULL	2	25167
270	195	162	6043	2000	34	34	FULL	8	14885
235	206	238	10407	2000	47	53	FULL	4	798
330	205	140	5766	1208	17	17	FULL	1	18395
272	198	139	4957	2000	0	0	FULL	3	9258
378	257	98	1444	434	0	0	FULL	1	23802
188	104	181	3090	1281	2	4	FULL	4	32297
324	224	131	5643	1146	18	23	FULL	4	22570
328	149	235	3208	250	0	0	FULL	1	27437
348	241	101	2380	250	0	0	FULL	2	18063
279	182	206	8221	2000	0	0	FULL	2	5457
277	215	176	1134	250	0	0	FULL	3	16013
340	250	100	4352	2000	0	0	ALL_EDGES	3	4022
264	202	158	6043	2000	41	39	FULL	1	19267
249	155	193	6000	2000	0	0	FULL	1	10748
334	221	61	508	454	38	42	FULL	2	31464
196	149	259	7665	2000	23	23	FULL	4	6356
296	192	150	5593	2000	18	21	FULL	1	16523
306	239	143	6667	698	32	34	FULL	8	10520
271	239	162	4483	1358	19	18	FULL	1	9879
240	211	148	5400	2000	25	22	FULL	1	7936
234	194	253	10718	2000	23	25	FULL	2	22224
285	184	143	2295	1276	0	0	FULL	1	18177
322	256	139	7038	2000	0	0	FULL	1	1754
246	248	123	4897	1442	0	0	ALL_EDGES	1	4753
279	200	151	5771	1189	0	0	FULL	4	19024
241	181	102	634	420	0	0	FULL	1	5170
306	210	117	4335	1141	0	0	FULL	1	25102
269	250	126	1122	678	0	0	FULL	2	930
178	129	152	2929	1275	0	0	ALL_EDGES	1	5214
239	160	144	418	361	23	23	FULL	3	21292
255	219	188	8211	1263	35	38	FULL	1	25170
218	150	138	3276	1213	0	0	FULL	2	22971
234	193	187	6902	2600	0	0	FULL	2	10635
274	197	102	3140	859	0	0	FULL	2	2648
254	277	149	7402	2000	0	0	FULL	2	5452
309	276	112	2517	608	13	24	FULL	1	29108
279	184	107	847	751	0	0	FULL	1	11473
220	160	324	12351	2000	20	17	FULL	1	24636
250	215	120	4179	2000	0	0	FULL	1	22114
346	274	58	2178	548	0	0	ALL_EDGES	3	24377
285	195	135	1470	250	0	0	FULL	1	1005
315	252	144	3484	1028	0	0	FULL	2	8051
308	164	227	8981	2000	0	0	ALL_EDGES	3	20680
275	126	217	6052	2000	26	35	FULL	1	28387
327	223	159	690	250	15	19	FULL	1	10675
200	141	301	510	327	0	0	ALL_EDGES	1	25353
192	160	242	900	394	0	0	FULL	2	2853
277	200	118	3945	1208	0	0	FULL	2	27815
397	266	62	767	250	0	0	FULL	3	20735
252	144	261	589	464	0	0	FULL	2	1672
270	199	158	5984	2000	0	0	FULL	3	14515
182	161	154	3744	2000	0	0	FULL	2	4737
346	164	203	2737	1057	0	0	ALL_EDGES	2	11347
277	194	103	3135	867	11	12	FULL	2	9096
262	190	191	7391	1231	25	25	FULL	9	28936
194	138	283	8017	2000	0	0	FULL	1	22881
244	191	182	824	369	0	0	FULL	3	6560
330	203	97	676	427	0	0	FULL	3	10047
257	223	131	4950	2000	0	0	FULL	3	21749
380	281	98	5071	804	12	15	FULL	2	31851
334	132	147	1475	250	0	0	FULL	1	7563
322	239	111	1640	695	0	0	FULL	3	16138
289	197	132	4710	2000	17	22	FULL	3	31498
313	228	119	323	351	28	28	FULL	1	13141
308	255	153	7824	2000	0	0	FULL	2	2426
470	278	88	1495	428	1	2	FULL	2	31720
200	196	191	1260	615	8	10	FULL	1	32119
269	271	89	3516	1090	0	0	FULL	1	18807
267	172	263	3240	250	27	30	FULL	1	15742
428	215	125	2415	250	10	6	FULL	1	8320
301	185	189	7623	2000	0	0	ALL_EDGES	5	309
337	237	119	1605	250	8	9	FULL	1	30718
277	186	166	6035	2000	0	0	FULL	5	18600
305	137	204	1071	486	0	0	ALL_EDGES	2	17415
246	122	315	9566	2000	21	23	FULL	1	11518
278	223	186	2495	250	0	0	FULL	9	890
279	179	191	1045	386	37	32	FULL	1	29304
349	211	115	4598	841	0	0	FULL	1	10136
324	233	152	7314	2000	18	11	FULL	1	25412
274	194	85	2362	1095	11	9	FULL	1	26819
281	204	183	7759	2000	20	26	FULL	4	22454
244	174	176	5812	2000	23	20	ALL_EDGES	1	6258
225	184	157	4953	2000	0	0	FULL	1	23590
240	189	255	10637	2000	26	28	FULL	1	29
242	150	206	6270	2000	0	0	FULL	2	8432
197	136	132	2618	2000	0	0	FULL	1	14578
346	191	98	3276	826	13	13	FULL	2	30225
284	190	83	2304	848	0	0	FULL	3	18206
440	198	121	5208	1073	0	0	FULL	5	18021
264	161	153	4543	1199	0	0	ALL_EDGES	1	9239
298	209	184	8291	2000	7	11	FULL	2	468
314	249	108	748	368	17	17	FULL	4	7478
309	207	164	7066	1186	0	0	FULL	1	7227
259	108	160	3240	2000	0	0	FULL	2	32700
376	166	120	1410	860	9	13	FULL	2	27197
186	146	165	243	288	0	0	ALL_EDGES	1	14655
275	198	211	1978	250	0	0	FULL	2	17376
315	172	157	5559	2000	0	0	FULL	1	20276
333	279	102	1947	529	0	0	FULL	2	17384
238	138	138	387	359	22	21	FULL	3	21118
266	184	154	5242	2000	24	17	FULL	1	29507
218	145	142	3325	2000	0	0	FULL	1	1023
274	188	224	4577	1299	0	0	FULL	1	24312
280	275	124	446	363	17	18	FULL	1	16010
429	296	67	3255	871	9	12	FULL	2	23618
282	231	177	8337	2000	22	22	FULL	3	21804
300	230	167	862	347	0	0	FULL	4	16111
230	111	176	580	515	0	0	FULL	3	24065
268	214	149	5831	1169	0	0	ALL_EDGES	3	578
300	221	144	6099	2000	0	0	FULL	3	15544
216	144	113	2341	2465	0	0	ALL_EDGES	3	5398
271	174	200	7438	2000	0	0	FULL	1	27260
289	215	136	5414	2000	0	0	FULL	1	26071
283	140	214	6723	2600	0	0	FULL	1	11231
257	165	200	6817	2000	0	0	ALL_EDGES	2	13813
312	180	187	7465	2000	41	44	ALL_EDGES	2	1824
247	144	126	994	776	19	25	FULL	1	24086
362	208	139	6090	1143	0	0	FULL	2	7574
213	127	166	3604	2600	0	0	FULL	1	13934
302	182	137	1717	549	11	17	FULL	2	19252
265	192	167	6188	2000	0	0	FULL	3	25125
279	190	160	5916	1345	22	19	FULL	1	4135
320	221	134	5719	1191	0	0	FULL	2	17074
191	144	127	2611	2000	10	7	FULL	2	29822
330	129	105	2394	1103	0	0	FULL	1	14188
288	208	158	6488	2000	0	0	FULL	1	27366
204	172	128	958	513	22	22	FULL	3	3771
359	266	120	2771	566	12	12	FULL	1	29650
320	221	134	3420	250	0	0	FULL	5	3066
341	220	114	2320	595	0	0	FULL	7	26029
334	244	142	6969	1219	12	5	FULL	1	12279
262	211	153	5975	2000	0	0	FULL	2	12692
257	251	70	2227	1083	12	14	FULL	1	847
267	151	212	6868	2000	25	23	FULL	1	4381
374	301	102	5704	1051	0	0	ALL_EDGES	4	19673
213	141	283	8712	2000	0	0	FULL	2	12596
230	205	138	4628	2000	0	0	FULL	1	13086
340	238	92	3705	1060	0	0	FULL	1	7091
325	203	129	4998	1140	10	8	FULL	3	19672
371	175	178	7371	2000	32	31	FULL	3	11137
215	160	248	8160	2213	21	21	FULL	2	3997
274	136	121	2776	2000	33	35	FULL	2	11070
376	223	89	3487	1026	0	0	FULL	2	24940
310	176	174	6555	2000	5	6	FULL	1	20456
261	153	262	9460	2000	0	0	FULL	2	10451
328	167	173	6365	2000	0	0	FULL	2	11314
276	214	194	8797	2000	4	4	FULL	4	25283
309	222	153	1669	443	7	8	FULL	3	23643
227	94	212	3924	1251	22	16	FULL	2	2749
242	198	94	805	835	0	0	FULL	2	30245
304	159	196	6992	2600	0	0	FULL	1	11049
309	231	105	4117	1122	0	0	FULL	2	28952
241	139	222	6495	2000	0	0	ALL_EDGES	1	2107
251	126	236	2287	1057	0	0	FULL	2	25097
392	304	97	3887	679	0	0	FULL	1	21058
209	198	276	3277	250	0	0	FULL	1	20813
297	192	202	8671	2000	0	0	FULL	3	25461
301	129	192	5490	2000	0	0	FULL	2	12500
229	172	164	2593	774	24	26	FULL	4	28670
305	211	132	5202	1214	0	0	FULL	1	24406
192	138	209	5148	2000	34	37	FULL	1	21830
294	198	198	2576	250	0	0	FULL	2	29934
288	182	86	1030	250	0	0	ALL_EDGES	2	8031
221	116	176	3645	2000	23	22	FULL	4	14216
351	242	88	2415	658	0	0	FULL	4	3257
241	130	209	5473	1264	30	30	FULL	1	27966
433	311	89	4260	250	15	12	FULL	2	16873
268	194	222	402	250	0	0	FULL	1	27102
189	135	216	940	250	8	12	FULL	2	16424
306	241	156	7590	2000	0	0	FULL	1	4069
235	156	179	5154	2000	0	0	FULL	3	15089
310	239	141	2593	561	12	15	FULL	6	23363
178	176	177	621	467	25	21	FULL	3	28670
282	178	150	5040	1210	0	0	FULL	2	31405
231	156	126	3060	2000	0	0	FULL	4	17814
335	237	144	7026	1176	0	0	FULL	1	10959
313	231	117	4870	1148	15	12	FULL	1	26623
355	168	142	5015	2000	0	0	FULL	5	11210
269	203	156	5950	2000	30	27	FULL	3	13395
217	126	273	7500	2000	0	0	FULL	1	15282
278	150	253	9040	2000	0	0	FULL	4	18947
269	165	168	5437	2000	23	26	FULL	1	15682
246	174	127	3657	2000	19	24	FULL	4	14450
326	204	98	3360	818	16	14	FULL	2	757
327	206	96	3334	1070	0	0	FULL	1	31130
278	215	126	472	314	0	0	FULL	2	20901
264	164	104	2632	1161	2	3	FULL	1	6006
285	213	107	3731	1160	0	0	FULL	3	19393
333	177	161	6127	2000	0	0	FULL	1	26228
212	161	160	4350	2000	0	0	ALL_EDGES	2	23624
447	223	121	1356	614	0	0	FULL	1	30276
272	168	252	9982	2600	27	26	FULL	3	4444
223	170	316	12672	2000	22	33	FULL	1	14246
329	206	176	8100	2000	0	0	FULL	2	14536
237	184	240	1071	438	0	0	FULL	1	17038
251	196	194	2622	250	26	21	FULL	2	32308
262	205	140	5055	2000	20	24	FULL	1	8265
320	214	66	1957	1010	0	0	FULL	1	31729
296	201	143	5474	2000	0	0	FULL	6	21633
227	156	213	435	267	0	0	FULL	1	19626
242	118	192	319	328	0	0	FULL	1	12864
338	246	90	682	537	33	32	ALL_EDGES	1	15516
405	282	75	3519	512	19	20	FULL	1	29222
292	278	129	6499	2000	0	0	FULL	4	27263
240	194	161	5610	2000	0	0	ALL_EDGES	1	10679
331	231	112	2184	250	0	0	FULL	2	16551
238	209	150	5452	2000	22	19	FULL	2	31970
401	275	104	4416	746	0	0	FULL	4	32511
291	194	150	1938	1023	0	0	FULL	1	21970
413	280	91	2163	504	0	0	FULL	1	14776
260	171	213	7799	1242	0	0	FULL	2	23522
394	174	154	2940	623	0	0	FULL	1	8796
259	161	179	5692	2000	33	38	FULL	1	21961
452	385	55	408	380	0	0	FULL	1	20375
340	231	133	6142	1161	0	0	FULL	4	15218
273	177	114	3316	1204	12	9	FULL	1	18584
276	189	201	1050	384	35	41	FULL	3	20403
222	132	188	4576	2000	34	27	FULL	2	4837
426	249	70	2947	585	18	19	FULL	2	24689
262	205	213	9395	2000	0	0	FULL	1	24745
189	139	170	3856	1258	28	22	FULL	1	1987
272	189	165	1615	378	0	0	FULL	7	243
281	221	105	3718	1147	0	0	FULL	2	1458
233	161	147	4004	2000	0	0	FULL	1	18587
273	214	162	6716	2000	28	33	FULL	1	8823
323	174	169	1596	474	19	20	FULL	1	22949
340	281	89	4139	1083	0	0	FULL	3	24169
328	264	98	4003	834	16	16	FULL	1	9774
297	194	131	4627	885	0	0	FULL	3	31687
200	141	160	3649	1238	0	0	FULL	1	14780
320	291	124	6681	882	0	0	ALL_EDGES	1	11978
276	160	239	693	333	30	34	FULL	2	437
338	184	185	7831	2000	20	20	FULL	1	11217
294	182	214	8935	2000	36	36	FULL	1	15601
319	243	135	6363	1171	9	14	FULL	1	17116
315	233	102	1425	493	0	0	FULL	3	796
276	200	191	325	715	0	0	ALL_EDGES	1	29129
385	269	111	5853	1055	0	0	FULL	2	7295
321	219	107	4072	1148	0	0	FULL	1	9350
264	243	148	6555	1207	37	41	FULL	1	28585
264	153	111	639	560	4	5	FULL	1	2308
280	167	160	5220	2000	0	0	FULL	2	10991
314	232	165	8040	2000	20	23	ALL_EDGES	1	10674
214	124	317	9163	2000	0	0	FULL	2	29640
323	253	116	5348	1148	0	0	FULL	2	29537
289	192	135	2025	285	0	0	ALL_EDGES	2	18763
265	225	109	3887	866	17	21	FULL	3	4340
277	158	125	3432	2000	0	0	FULL	1	23127
237	167	190	2182	250	0	0	FULL	2	18623
307	237	103	4080	860	0	0	FULL	4	13484
273	207	133	4837	2000	0	0	FULL	1	14367
300	217	146	2109	803	0	0	FULL	1	30625
276	203	134	2085	1145	19	17	FULL	2	85
289	227	160	1638	579	21	24	FULL	2	4324
279	215	125	4657	2000	15	17	FULL	2	28603
397	295	98	4416	1297	15	16	FULL	2	10131
214	153	168	4427	2600	0	0	CORNERS	1	13151
419	159	128	4428	1080	0	0	FULL	1	7290
170	92	221	315	543	33	36	FULL	3	25907
209	132	309	9146	2000	0	0	FULL	3	13576
271	201	175	1995	751	0	0	FULL	1	14781
438	236	111	5508	1063	12	13	FULL	2	23721
363	193	164	1380	250	40	43	FULL	2	16226
263	207	175	674	495	0	0	ALL_EDGES	4	17226
345	198	168	6601	1200	0	0	FULL	1	28900
391	283	103	3473	250	14	21	FULL	7	10033
235	196	98	472	435	36	41	ALL_EDGES	1	13660
311	232	145	6646	2000	10	3	FULL	3	7551
390	175	169	7049	487	0	0	FULL	1	6131
357	227	142	6773	887	0	0	FULL	1	20864
287	195	205	8866	2000	8	12	FULL	2	9091
276	267	156	931	250	21	25	FULL	2	26
188	133	178	3951	1292	23	25	ALL_EDGES	1	30111
230	141	138	531	404	40	43	FULL	2	3063
352	310	105	5945	1064	0	0	FULL	1	21238
262	255	143	1415	583	0	0	FULL	4	20621
358	255	126	6405	1153	16	20	FULL	1	1040
244	132	171	4207	2000	24	25	FULL	6	17779
211	164	274	3211	672	0	0	FULL	3	21620
290	226	115	4402	1163	0	0	FULL	2	18594
346	133	141	3874	882	0	0	FULL	3	2535
407	306	92	5232	1045	0	0	FULL	1	20002
318	180	184	7339	2000	33	35	FULL	4	27149
394	185	131	1738	666	9	13	FULL	2	10
308	187	148	5448	2600	15	10	FULL	2	20936
259	151	116	2794	2000	0	0	FULL	1	26603
309	221	124	5032	907	6	9	FULL	2	787
313	200	136	3952	874	16	11	FULL	1	27251
353	164	148	1249	546	5	4	FULL	1	19427
291	249	131	3914	250	0	0	FULL	1	18222
305	168	88	2281	1053	0	0	FULL	1	13378
389	261	64	2548	1118	0	0	FULL	1	22294
273	180	233	9614	2000	0	0	FULL	1	5563
318	210	173	667	321	29	26	FULL	1	1110
353	242	88	1357	645	9	13	FULL	3	22166
343	196	171	7509	1176	17	17	ALL_EDGES	1	21496
265	155	280	10614	2000	0	0	FULL	2	10073
345	337	99	5830	853	12	8	FULL	2	31775
358	281	104	5355	1078	0	0	FULL	2	29885
261	225	145	1504	467	0	0	FULL	3	1179
288	170	215	682	308	0	0	FULL	1	25009
291	184	159	5797	1070	20	26	FULL	6	20845
283	209	127	4672	2000	16	14	FULL	2	28750
248	114	265	6960	2000	0	0	FULL	2	9536
302	133	188	5430	2000	25	27	FULL	1	1188
265	189	190	7334	2000	0	0	FULL	1	13142
255	218	217	2616	301	0	0	FULL	2	27358
333	212	120	4785	1171	0	0	FULL	1	31266
211	145	212	5856	2000	7	14	FULL	1	26407
315	180	62	892	1093	16	12	FULL	1	24528
350	275	88	1683	918	17	19	FULL	2	3304
326	167	175	1330	250	0	0	FULL	1	4615
285	207	195	1207	383	0	0	FULL	3	31616
324	223	118	4811	1163	0	0	FULL	2	13097
245	253	187	9131	2000	29	27	FULL	1	9381
344	239	116	2204	543	0	0	FULL	1	19257
238	158	226	1802	370	28	31	FULL	1	32125
250	179	122	401	352	0	0	FULL	2	23650
382	227	132	6359	1126	10	18	FULL	2	26716
236	157	176	5102	2000	25	21	FULL	1	7356
259	138	127	823	500	9	9	FULL	1	16436
245	168	134	588	250	0	0	FULL	2	9663
291	188	137	4777	2000	0	0	FULL	1	20758
276	261	118	5176	890	17	15	FULL	2	20121
238	170	185	6015	2000	33	37	ALL_EDGES	1	22374
263	210	118	266	250	0	0	FULL	1	30879
374	235	86	3427	2000	0	0	ALL_EDGES	2	11881
327	199	176	1391	412	41	44	FULL	3	16774
344	226	96	3750	2380	0	0	FULL	3	9386
327	226	129	5567	894	0	0	FULL	1	8710
299	229	167	7912	2000	0	0	FULL	2	16488
321	286	93	4326	1109	13	14	FULL	1	14084
310	152	158	4950	2000	0	0	FULL	3	27900
345	285	96	4759	841	0	0	ALL_EDGES	4	29017
305	217	113	4275	1133	0	0	FULL	9	26080
303	166	169	595	331	0	0	ALL_EDGES	2	18198
222	161	210	6570	2000	0	0	FULL	2	10883
207	161	135	562	503	0	0	FULL	3	9770
307	243	141	2541	250	0	0	FULL	1	27013
284	234	174	2104	1647	24	24	FULL	1	14678
327	251	140	7015	1187	0	0	FULL	2	15719
304	197	175	7329	2000	0	0	FULL	1	10103
286	206	76	2205	1066	38	40	ALL_EDGES	5	24614
278	202	188	7885	1261	28	33	FULL	2	3039
282	173	175	6145	2000	0	0	FULL	1	32383
299	184	208	1046	406	33	36	FULL	1	17948
263	153	113	2740	1162	0	0	FULL	1	5750
272	162	102	2574	894	0	0	FULL	1	32102
319	212	140	5842	894	8	10	FULL	9	3844
231	173	112	2902	2000	0	0	FULL	1	9512
228	110	181	3636	2000	30	33	FULL	3	2318
243	189	98	2668	863	0	0	FULL	1	26007
388	312	95	5428	805	37	38	FULL	1	28712
364	244	96	4139	1062	35	36	FULL	2	10520
297	130	218	6638	2000	0	0	FULL	2	24047
226	229	87	2614	1133	17	24	FULL	1	876
267	136	123	2839	1153	18	20	FULL	1	30460
233	178	206	7225	2000	32	31	FULL	3	27660
185	151	162	3807	2000	31	34	FULL	1	11902
241	184	168	840	400	37	39	ALL_EDGES	3	29630
255	177	99	2623	875	0	0	FULL	2	13607
231	145	134	3150	2000	0	0	FULL	1	4106
272	162	239	8893	2000	0	0	FULL	2	24821
342	184	135	4989	1198	35	38	FULL	4	22157
362	259	122	6279	1153	0	0	FULL	2	789
144	150	164	605	476	25	26	FULL	5	24219
344	264	127	6543	1155	0	0	FULL	1	16490
288	193	152	5703	1209	20	31	FULL	5	8777
266	204	83	2367	1096	0	0	FULL	1	2316
226	208	182	6919	2000	26	30	FULL	2	8368
311	200	137	5244	885	15	20	FULL	1	16472
346	241	102	2218	1134	0	0	FULL	1	25765
172	151	174	4072	2000	0	0	FULL	6	6989
189	161	114	2499	2000	24	24	ALL_EDGES	1	9015
264	154	209	1266	250	5	8	FULL	1	5383
315	207	130	2703	250	14	12	FULL	2	22616
314	241	139	3444	447	15	14	FULL	3	7544
280	180	208	8232	2000	25	31	FULL	2	31595
247	176	242	1228	460	20	25	FULL	3	18403
279	210	145	5652	1682	0	0	FULL	3	18577
291	202	196	2610	990	0	0	ALL_EDGES	2	16891
262	198	202	777	484	31	36	ALL_EDGES	2	31467
430	243	100	3486	699	0	0	FULL	1	7382
270	198	140	795	438	0	0	FULL	1	7096
272	194	219	9361	2000	29	35	ALL_EDGES	1	31952
313	203	134	5168	1162	0	0	FULL	2	15490
319	231	157	1690	403	18	18	FULL	4	981
266	203	139	5002	2600	5	8	FULL	3	4512
250	168	178	135	292	24	22	ALL_EDGES	6	21766
281	180	207	8200	2000	0	0	FULL	2	16685
258	191	71	1736	1084	0	0	FULL	2	18715
246	177	218	8075	2600	0	0	ALL_EDGES	3	18375
315	246	148	7314	2000	0	0	FULL	1	1425
332	183	90	2717	1060	11	13	FULL	1	32406
250	208	163	442	730	26	31	FULL	5	4044
263	214	169	6963	2000	26	28	ALL_EDGES	8	27672
239	203	176	6638	2000	35	36	FULL	1	6953
343	222	159	7572	2000	0	0	FULL	2	3547
289	268	149	2242	909	0	0	FULL	2	2797
214	146	112	2334	2000	0	0	FULL	3	32408
284	222	135	5431	2000	0	0	FULL	6	28370
265	179	201	769	362	0	0	FULL	1	22854
251	157	241	8388	2000	0	0	FULL	1	21832
322	216	151	6678	2000	0	0	FULL	5	19969
194	143	200	775	703	21	18	FULL	1	12354
239	189	187	748	354	33	35	FULL	2	28280
281	239	156	7213	2000	30	38	FULL	1	22721
332	226	126	5481	1176	0	0	FULL	1	21747
316	201	134	5159	1184	0	0	ALL_EDGES	1	5401
307	225	123	5023	1191	4	6	FULL	1	616
300	189	203	1380	479	41	40	FULL	2	13661
282	131	122	1170	919	0	0	FULL	3	79
333	152	188	6564	2000	0	0	FULL	1	23039
268	168	234	8872	2000	26	21	FULL	4	25429
254	239	141	5822	2000	0	0	FULL	2	14053
224	112	179	3654	1302	0	0	FULL	2	14089
271	186	228	9556	2000	28	28	ALL_EDGES	2	28146
277	179	111	1760	759	14	19	FULL	1	24482
240	172	109	2821	2000	0	0	FULL	5	3374
267	160	152	4511	2000	0	0	FULL	5	14916
269	200	121	4056	2000	16	21	FULL	3	31526
265	164	263	10315	1274	27	32	FULL	2	6303
247	125	145	495	402	0	0	FULL	3	526
353	208	116	4573	1121	0	0	FULL	2	20577
345	217	161	1200	250	35	29	FULL	2	6786
291	150	172	5295	1203	0	0	FULL	3	13157
195	92	249	4531	2000	0	0	CORNERS	2	558
193	153	152	3622	2000	0	0	FULL	2	18942
229	136	240	6892	2000	25	27	FULL	1	26997
263	210	154	5984	2600	0	0	FULL	4	5042
343	223	150	7072	1204	14	19	FULL	1	27688
279	191	215	3484	750	0	0	FULL	3	17344
276	185	165	1045	250	0	0	FULL	1	32281
308	211	162	7024	2000	0	0	FULL	2	12773
288	155	236	693	332	30	39	FULL	1	15203
226	189	268	1759	564	25	28	FULL	3	13556
415	273	101	5416	820	32	33	FULL	2	14015
332	196	161	1396	532	0	0	FULL	2	5931
201	156	145	256	314	0	0	FULL	1	9188
342	259	130	713	302	18	22	FULL	2	7735
406	262	70	3015	542	17	18	FULL	1	11505
218	147	235	1635	250	0	0	FULL	2	13683
282	152	269	1932	285	28	32	FULL	2	6449
213	159	253	1130	420	2	1	FULL	1	2077
314	200	182	8061	2000	36	43	FULL	1	9961
260	203	141	5100	2000	0	0	FULL	2	10356
339	186	166	6804	2000	10	15	FULL	3	29664
301	244	102	3315	1120	16	11	ALL_EDGES	4	10577
271	201	155	2286	250	20	20	FULL	2	8265
189	156	187	4917	2000	26	29	FULL	3	19355
306	192	128	4515	2000	0	0	ALL_EDGES	1	11952
163	131	164	388	467	25	27	FULL	3	28862
368	215	94	3607	803	0	0	FULL	3	28325
258	140	125	1656	748	0	0	FULL	1	15742
226	158	238	459	425	0	0	FULL	2	4767
240	151	125	2992	2000	0	0	FULL	4	25654
317	272	110	5263	2000	10	13	FULL	3	20254
321	194	168	1165	620	19	27	FULL	2	19827
295	208	195	8928	2000	28	36	FULL	2	11178
367	228	125	2331	524	0	0	FULL	1	20416
194	130	178	787	833	0	0	FULL	1	15934
320	202	178	1794	454	0	0	FULL	1	1235
416	285	80	3809	250	0	0	FULL	1	26028
335	151	207	7570	2000	0	0	FULL	4	21359
265	227	75	2268	1049	0	0	FULL	1	21880
315	178	205	1345	406	0	0	FULL	2	24852
303	171	183	6773	2600	0	0	FULL	2	27997
298	163	176	6001	1209	20	23	FULL	3	5521
306	214	115	4297	1159	0	0	FULL	1	20333
414	266	104	5485	1029	0	0	ALL_EDGES	2	27532
251	180	233	9124	2000	0	0	FULL	2	16256
479	353	68	1368	481	40	40	FULL	2	30863
354	243	139	7032	1197	0	0	FULL	5	8332
438	233	112	5531	795	13	6	FULL	5	10404
416	158	145	5263	1115	0	0	ALL_EDGES	3	2494
260	232	75	2286	1064	11	10	FULL	1	21333
305	232	148	871	250	0	0	FULL	1	3623
267	168	167	5437	2000	38	37	ALL_EDGES	3	13373
331	202	172	7659	2000	6	3	FULL	1	27282
258	178	141	728	449	0	0	FULL	1	28863
244	191	224	9082	2000	0	0	FULL	1	31152
281	172	175	6154	2000	0	0	FULL	2	1744
224	133	253	7132	1335	0	0	FULL	1	7212
312	179	170	1045	593	0	0	FULL	1	1279
257	173	259	1460	490	0	0	FULL	1	6500
355	167	194	7831	2000	0	0	FULL	1	7697
191	127	225	5335	1356	22	25	FULL	1	9259
297	159	244	1483	406	52	49	FULL	6	23543
375	191	119	4513	474	0	0	FULL	1	3310
347	326	75	3782	1022	42	41	FULL	3	1640
166	143	147	2971	2000	0	0	ALL_EDGES	2	20681
434	340	78	4692	391	0	0	FULL	1	6165
278	187	163	5984	1238	0	0	FULL	2	27159
338	212	160	2047	843	8	8	FULL	4	14559
203	189	220	7922	2000	25	25	FULL	2	12518
342	251	134	1794	751	6	3	FULL	1	29977
290	224	115	1635	957	11	5	FULL	4	26275
292	198	164	6564	2000	0	0	FULL	2	3693
238	201	178	3952	1390	0	0	FULL	1	26286
278	172	135	4192	2000	0	0	FULL	1	31785
226	193	195	7148	2000	0	0	FULL	2	14310
237	185	125	3690	1173	19	23	FULL	1	29345
261	239	120	1687	1001	0	0	ALL_EDGES	1	29162
259	150	218	1402	767	0	0	FULL	1	28086
286	211	191	8579	2000	0	0	FULL	2	24925
318	223	162	1943	250	19	25	FULL	1	3188
361	214	123	5215	1110	32	34	FULL	3	13183
222	175	193	6322	2000	0	0	FULL	1	28233
291	224	115	4395	1174	0	0	FULL	4	27269
317	229	158	7509	1176	0	0	ALL_EDGES	2	21714
219	160	272	1396	714	0	0	FULL	2	4559
293	181	178	1121	430	0	0	FULL	2	512
341	241	103	4420	1067	0	0	FULL	5	24269
308	142	103	2448	869	0	0	FULL	1	5278
286	187	224	9648	1506	0	0	FULL	1	30566
272	249	169	8326	2000	23	22	FULL	2	10350
346	264	126	6509	1117	0	0	FULL	1	14148
288	219	135	1292	754	0	0	FULL	1	18988
393	257	113	1598	250	0	0	FULL	2	7915
324	239	148	2185	489	0	0	FULL	2	26332
268	212	115	2255	720	0	0	FULL	5	31004
346	232	105	4428	820	9	12	FULL	2	31543
307	194	177	7329	741	0	0	FULL	2	10565
300	243	158	7705	2000	22	25	FULL	1	18273
260	196	166	6230	2000	26	30	FULL	3	498
315	183	199	897	356	32	35	FULL	2	9263
225	194	219	8436	2000	0	0	FULL	11	31032
283	204	113	3835	879	18	21	FULL	1	31749
264	219	164	6859	2000	23	23	FULL	3	23094
260	190	90	2493	1104	0	0	FULL	1	25263
258	185	199	7581	1079	0	0	FULL	3	11499
202	124	181	3843	2000	0	0	FULL	1	19936
254	185	160	5460	2000	0	0	FULL	1	29059
315	188	143	1844	965	0	0	FULL	1	201
270	181	153	5197	2000	4	4	FULL	1	17676
328	244	131	6195	1201	0	0	FULL	3	10124
321	205	159	6835	2000	16	16	FULL	1	9898
560	230	89	4450	1090	17	19	FULL	3	26180
227	166	145	4026	2000	34	33	FULL	1	28179
147	101	236	948	1159	21	26	FULL	3	12414
335	188	183	7831	2000	19	18	FULL	1	12624
285	239	168	1437	250	0	0	FULL	5	26540
282	150	225	7695	2000	21	25	FULL	1	1109
230	178	110	2884	2000	0	0	FULL	3	16025
277	202	133	1462	687	0	0	FULL	2	29224
225	171	170	5135	2000	21	23	ALL_EDGES	3	4012
318	161	127	3828	1189	0	0	FULL	1	26404
283	189	103	3102	1173	7	9	FULL	2	27997
354	189	179	2208	250	0	0	FULL	1	8554
280	175	214	8347	2600	0	0	FULL	1	25651
296	220	100	3549	1118	18	24	FULL	1	3185
386	241	124	6129	1732	9	6	FULL	1	9641
313	292	116	5974	884	0	0	FULL	2	19763
320	226	117	4819	2000	0	0	FULL	3	22661
288	190	137	1740	833	0	0	FULL	1	8942
338	182	73	2007	1023	17	19	FULL	6	17453
317	206	161	1417	696	0	0	FULL	1	23961
262	196	88	2452	1128	0	0	FULL	2	27472
247	174	196	680	350	0	0	FULL	2	5935
424	308	88	5014	981	9	5	FULL	1	6272
245	189	119	3553	2000	0	0	FULL	2	20727
221	180	290	11718	2000	0	0	ALL_EDGES	2	27056
218	174	197	1087	281	27	35	FULL	1	25886
310	222	124	5015	1528	2	7	FULL	2	31984
232	193	146	4719	2000	34	33	FULL	2	1491
322	208	172	7751	2000	42	46	FULL	3	26332
265	202	196	756	483	0	0	FULL	3	10815
350	161	205	1955	638	0	0	FULL	1	8572
193	152	222	6240	2000	0	0	FULL	2	21811
326	223	144	2257	766	0	0	FULL	2	10156
284	249	120	5151	888	0	0	FULL	1	8510
221	119	208	715	297	0	0	FULL	1	4842
377	237	118	1354	520	51	56	FULL	1	25925
330	230	112	1810	534	0	0	FULL	1	26258
276	195	177	1121	469	40	39	ALL_EDGES	2	18790
249	194	177	3009	700	0	0	FULL	2	3739
289	190	155	5746	2000	20	21	FULL	1	4282
332	196	162	2173	250	17	18	FULL	2	7949
375	256	120	6129	1104	16	24	FULL	4	24675
248	222	172	7220	705	21	23	FULL	16	7362
307	207	134	1657	899	0	0	ALL_EDGES	2	25880
341	145	254	1525	250	0	0	FULL	6	28265
362	246	140	712	330	0	0	FULL	2	22630
297	202	258	620	301	28	22	FULL	4	22118
360	197	232	12144	2000	0	0	ALL_EDGES	3	10836
329	181	209	9125	1226	24	24	FULL	1	179
410	285	141	2277	439	4	5	FULL	11	16919
331	311	122	7100	1154	0	0	FULL	3	20790
263	147	324	12375	1310	0	0	FULL	1	4989
343	176	257	1317	368	0	0	ALL_EDGES	1	13243
385	314	104	6150	818	0	0	FULL	5	13909
428	233	155	8757	890	23	28	FULL	2	27012
500	234	133	7579	1033	16	21	FULL	2	28836
360	267	172	1782	250	17	13	FULL	1	14543
292	247	172	8825	1202	0	0	FULL	1	234
334	281	207	14079	2000	0	0	FULL	1	17768
400	324	112	7264	1205	0	0	FULL	3	25692
375	190	175	7925	2000	17	16	FULL	4	13631
344	244	208	3885	250	29	29	FULL	3	32122
331	292	203	14001	2000	0	0	FULL	1	31989
333	251	174	9671	2000	19	16	ALL_EDGES	1	13085
426	174	169	3550	603	0	0	FULL	1	20425
424	230	128	3287	250	0	0	FULL	3	26472
373	251	212	13880	2000	0	0	FULL	2	25320
421	227	131	6575	497	0	0	FULL	1	17267
342	232	207	1072	250	0	0	FULL	3	29127
330	253	162	8748	2000	18	19	FULL	2	20656
349	236	152	7675	1227	8	6	FULL	3	16354
395	257	153	9005	856	7	6	FULL	3	30355
224	203	430	23673	1388	20	23	FULL	2	329
377	332	124	4851	1038	14	24	FULL	2	31910
379	240	137	7037	1114	0	0	FULL	1	897
333	217	242	13597	2000	28	26	ALL_EDGES	1	1765
235	143	489	20790	2000	5	4	FULL	1	19531
342	243	186	10555	2000	0	0	FULL	2	29351
308	187	268	13066	2000	10	10	FULL	1	30388
324	239	187	2378	250	23	25	FULL	2	2687
287	239	224	12446	2600	0	0	FULL	5	16007
422	181	242	12876	429	0	0	FULL	2	3814
399	289	126	2755	694	0	0	FULL	2	13821
408	281	127	1885	665	0	5	ALL_EDGES	2	14417
336	263	164	1189	371	0	0	FULL	1	28271
333	243	166	8829	2000	0	0	FULL	1	24408
470	208	149	7685	1112	14	12	FULL	1	27696
284	207	213	9837	2000	0	0	FULL	1	32105
427	210	161	3248	527	11	11	FULL	2	7006
345	261	139	7387	1572	13	9	FULL	2	24438
291	183	235	1025	250	0	0	FULL	1	10818
400	253	183	6308	250	14	15	FULL	4	2983
397	241	193	11951	2000	0	0	FULL	3	15359
399	266	118	6412	2000	14	16	ALL_EDGES	9	23808
347	217	260	15366	2600	0	0	ALL_EDGES	4	10047
297	214	245	12756	2000	28	30	FULL	3	11683
480	394	103	2691	426	0	0	ALL_EDGES	1	18602
312	265	152	1000	514	0	0	FULL	1	28012
304	213	239	12477	2000	0	0	FULL	2	4367
322	263	231	15054	2000	0	0	FULL	1	7972
270	172	334	2340	563	22	21	FULL	2	12861
396	243	181	1085	327	30	29	FULL	2	13775
410	251	179	11377	1613	6	7	FULL	1	28107
320	141	299	11758	2000	0	0	FULL	1	28135
338	244	236	3510	250	0	0	FULL	3	22543
369	217	220	910	414	0	0	FULL	2	30168
388	220	170	6177	816	16	13	FULL	1	15613
401	156	247	1596	376	35	35	FULL	1	18151
377	289	170	11544	1149	0	0	FULL	1	23093
350	204	217	11191	2000	31	30	FULL	1	25214
238	232	226	10987	2000	28	27	FULL	1	13483
346	192	204	2592	679	20	24	FULL	1	1505
299	205	204	9437	2000	0	0	FULL	2	5054
269	180	259	11037	2000	0	0	ALL_EDGES	1	26110
425	328	125	3605	250	0	0	FULL	1	2549
312	260	204	12210	2000	0	0	FULL	1	32371
325	273	175	1612	592	20	24	FULL	1	12118
251	181	273	11687	1544	22	24	FULL	4	3067
438	279	160	7059	710	0	0	FULL	1	28444
263	224	229	11380	2000	9	7	FULL	1	1382
355	243	180	4758	1042	0	0	FULL	2	2589
459	414	102	8794	989	14	15	FULL	2	6275
362	218	221	8837	959	19	28	FULL	3	30104
405	267	153	9471	861	0	0	FULL	1	4312
222	187	373	6401	1357	0	0	FULL	2	24912
270	137	336	2862	538	0	0	FULL	1	27930
222	163	348	13812	2000	21	23	FULL	3	5539
341	223	256	15385	2000	30	35	FULL	1	19851
318	254	155	8087	2000	0	0	FULL	3	18251
224	192	338	15747	1096	6	5	FULL	3	2472
340	321	160	11130	2000	17	18	FULL	2	22156
393	242	163	9300	1212	14	18	ALL_EDGES	2	12336
456	316	135	10042	841	0	0	ALL_EDGES	2	16046
312	302	185	12390	2000	43	45	ALL_EDGES	2	21498
314	257	167	9085	1186	0	0	ALL_EDGES	1	2231
431	198	182	9377	1218	0	0	FULL	1	12201
265	165	421	3848	725	0	0	FULL	3	24175
339	216	198	145	254	0	0	FULL	2	16859
303	223	229	12245	2000	33	34	FULL	1	24133
354	244	191	11170	2000	0	0	FULL	4	22030
356	290	160	10279	2000	0	0	FULL	2	2246
322	175	221	9462	2000	0	0	FULL	1	28326
270	226	238	2175	455	0	0	FULL	1	31876
443	286	158	11200	1157	0	0	FULL	1	16716
269	182	257	2937	1034	0	0	FULL	2	27143
329	280	147	3402	250	0	0	FULL	1	32590
361	269	170	2376	425	5	7	FULL	4	16367
260	199	243	587	250	0	0	ALL_EDGES	2	20612
415	380	111	8592	1056	0	0	ALL_EDGES	3	20922
300	246	223	12952	2000	0	0	FULL	2	188
350	305	136	8453	1193	0	0	FULL	2	8855
284	177	330	15889	2000	0	0	FULL	1	10196
370	235	212	2275	655	42	45	FULL	1	24415
222	193	362	4123	250	0	0	FULL	3	31471
315	229	188	1026	485	0	0	FULL	3	11266
351	287	194	13338	2000	20	23	FULL	1	25328
303	281	182	2991	856	27	29	FULL	6	18204
452	232	157	5395	1363	0	0	FULL	1	21086
263	189	270	12285	2000	0	0	FULL	5	12664
309	210	193	9062	2000	29	30	FULL	3	4651
277	208	253	1392	398	21	24	FULL	1	1147
354	266	196	3811	520	20	25	FULL	3	9504
462	282	149	10432	837	13	12	FULL	1	23229
308	185	219	1337	440	0	0	FULL	2	8451
380	272	189	12714	2000	17	14	FULL	2	17664
299	167	271	756	250	29	27	FULL	1	2358
405	269	151	9438	868	0	0	ALL_EDGES	2	16254
353	200	177	8175	2000	0	0	FULL	2	18364
425	284	120	3146	975	11	0	FULL	9	2890
273	188	245	10687	2000	26	27	FULL	3	3301
302	203	235	957	250	0	0	FULL	1	9957
360	299	116	6700	1140	0	0	FULL	2	27127
324	224	171	1175	376	19	24	FULL	6	18933
344	259	196	4357	250	20	17	FULL	1	2436
360	224	181	7569	406	18	22	FULL	2	19758
434	228	157	2573	462	7	5	FULL	1	11694
402	236	131	6725	1110	16	24	FULL	2	22475
326	177	215	9287	1233	43	41	FULL	1	17742
331	269	140	3587	1200	13	13	CORNERS	2	20496
435	283	150	3533	851	0	0	ALL_EDGES	2	17953
371	261	201	13240	1225	21	24	FULL	3	18135
316	222	276	292	250	0	0	FULL	1	17644
361	235	182	10183	2000	14	19	FULL	1	6985
356	212	258	4738	250	0	0	FULL	2	7751
296	260	241	15133	1241	0	0	FULL	1	26387
409	307	132	8811	871	9	11	FULL	2	3262
310	214	188	1800	313	29	33	ALL_EDGES	3	13547
297	230	213	11179	2000	0	0	FULL	2	4273
476	295	89	5200	651	16	17	FULL	2	15606
377	249	213	3580	250	31	29	FULL	2	28871
382	239	170	5425	575	0	0	FULL	1	17493
287	165	285	12109	2000	0	0	FULL	2	23043
407	266	124	7047	2000	10	13	FULL	3	7772
386	114	283	9750	1274	22	8	FULL	1	28968
333	256	183	10571	2000	0	0	FULL	2	6640
389	245	142	7654	856	0	0	FULL	5	32081
279	211	281	14883	2000	0	0	FULL	1	14926
356	278	146	8671	1174	11	9	FULL	2	13367
345	266	147	1525	472	15	18	FULL	4	24922
288	208	241	1624	395	23	24	FULL	4	8590
372	281	191	13260	2000	0	0	FULL	3	28822
328	223	213	11439	2096	36	38	FULL	2	27715
304	250	204	11609	1260	26	26	FULL	1	10595
336	312	128	7803	880	13	13	FULL	1	12180
403	369	111	8200	830	16	14	FULL	1	12697
356	245	178	10137	2000	10	16	ALL_EDGES	2	13661
383	213	153	2012	250	0	0	FULL	1	19138
319	207	221	11005	2000	29	32	FULL	1	16931
354	298	146	9284	875	0	0	ALL_EDGES	1	10045
411	344	116	8316	1082	0	0	FULL	2	9815
326	214	236	12787	1272	0	0	FULL	2	22056
336	266	225	2420	396	0	0	ALL_EDGES	3	12000
331	201	188	8675	2000	0	0	FULL	5	15562
223	139	434	16483	2000	0	0	FULL	3	4618
358	293	129	1890	533	0	0	FULL	1	17081
422	269	137	2976	897	9	9	FULL	5	4611
328	291	132	2212	832	8	7	FULL	1	8374
310	209	193	9037	2000	0	0	FULL	3	935
393	252	187	11821	2000	0	0	FULL	2	12083
293	223	253	13860	2000	21	26	FULL	2	9392
422	349	112	8068	1043	5	5	FULL	2	3996
400	320	121	8060	1067	15	17	FULL	1	2692
295	251	196	10802	2000	0	0	FULL	1	4896
448	253	164	10471	1140	0	0	FULL	2	22761
346	278	140	8019	1182	11	8	FULL	7	15479
398	384	128	10393	1082	0	0	FULL	7	25509
361	240	225	2223	451	0	0	FULL	1	19842
366	233	147	7400	1204	0	0	FULL	1	12172
300	232	194	1228	547	0	0	FULL	2	27425
361	337	160	12090	1194	17	19	ALL_EDGES	1	27720
485	240	125	3610	250	0	0	ALL_EDGES	1	11717
249	206	359	19684	2000	23	24	FULL	1	23
283	206	214	9887	2600	28	37	FULL	8	12789
323	256	211	12932	2600	0	0	FULL	1	29364
407	389	85	5913	1024	15	17	FULL	2	2983
368	191	206	2276	250	24	35	FULL	1	5582
438	308	100	6169	1046	18	24	FULL	1	17184
306	198	223	1147	504	32	40	FULL	1	23040
409	272	122	4887	1217	18	16	FULL	2	7182
428	267	136	8230	1112	0	0	FULL	6	799
384	283	115	725	331	0	0	FULL	3	25168
534	243	150	4855	250	0	0	FULL	1	17773
412	280	143	9141	1116	6	1	FULL	2	12643
247	217	289	14988	2000	0	0	FULL	2	1764
440	372	95	5068	678	14	15	FULL	1	3502
339	267	183	11170	2000	24	31	FULL	1	5180
