328	262	110	5177	1118	0	0	FULL	1	26209
221	150	256	1632	421	24	18	CORNERS	1	11998
295	166	132	4043	2000	4	0	FULL	2	20081
253	187	180	2091	1030	23	22	FULL	1	6463
292	219	164	7234	2000	0	0	FULL	1	18732
360	223	81	2125	250	0	0	FULL	1	12780
287	172	212	8221	1251	0	0	FULL	1	24129
325	233	153	7302	2000	31	35	FULL	1	14191
283	132	307	1863	250	0	0	FULL	5	4173
319	173	208	2553	1000	0	0	FULL	4	29359
320	160	108	3003	1118	0	0	FULL	1	8858
242	162	114	1255	250	13	13	FULL	2	3326
227	146	196	2535	250	22	22	FULL	1	15824
351	170	126	4207	844	7	5	FULL	1	31460
318	167	142	4657	2000	0	0	FULL	2	5964
273	174	252	2592	250	27	21	FULL	1	12866
253	219	172	7153	2000	0	0	FULL	2	32160
327	167	211	8452	2000	0	0	FULL	4	26194
335	293	87	4105	1069	0	0	FULL	2	19503
222	196	104	999	990	0	0	FULL	1	21612
250	133	195	5213	2000	31	33	FULL	2	11442
287	203	197	8694	2000	33	35	ALL_EDGES	2	5701
425	218	125	1863	787	16	18	FULL	2	6562
264	140	122	2835	2000	27	27	FULL	2	16743
352	169	160	5947	2000	11	10	FULL	2	11144
305	204	136	5270	1183	16	19	FULL	1	29283
347	258	95	4207	1093	12	18	ALL_EDGES	1	11321
345	249	99	4301	819	14	21	ALL_EDGES	7	6898
294	192	132	1057	546	17	14	FULL	1	14361
302	191	147	1657	490	0	0	FULL	2	10696
342	209	119	1623	250	0	0	FULL	1	21447
199	147	153	3582	1267	0	0	ALL_EDGES	2	7770
297	204	190	4324	300	28	30	FULL	4	7358
174	132	154	948	250	15	16	FULL	2	3769
268	188	189	7277	2600	31	33	FULL	1	17744
409	231	122	5934	825	19	21	FULL	3	25524
290	165	177	6094	2000	0	0	FULL	1	2786
223	183	184	6180	2000	26	21	FULL	1	23835
367	278	73	3225	1264	0	0	FULL	4	24841
359	159	149	5100	1176	0	0	FULL	1	8849
403	199	143	1909	792	0	0	FULL	2	20360
302	213	132	1113	420	1	2	FULL	2	15765
214	157	223	6885	2000	39	40	ALL_EDGES	1	20072
235	222	143	5362	2000	0	0	FULL	1	1315
297	196	146	5508	2000	0	0	FULL	2	31881
247	151	283	3559	250	0	0	FULL	2	24837
221	181	263	10216	2000	0	0	FULL	1	16719
324	242	134	1512	566	0	0	ALL_EDGES	5	24404
276	203	206	9050	2000	0	0	FULL	2	32251
226	208	181	1045	250	0	0	FULL	1	6759
321	224	167	8004	2290	0	0	ALL_EDGES	1	12014
250	196	154	5400	2000	0	0	FULL	1	3218
271	178	177	986	398	30	30	FULL	1	8255
320	229	163	1128	250	18	9	ALL_EDGES	2	2932
235	166	167	4998	2000	23	21	FULL	1	14960
333	178	143	5193	1200	0	0	FULL	4	23273
256	169	128	429	347	18	22	ALL_EDGES	3	9425
204	162	167	4515	2000	31	32	FULL	2	30629
352	247	132	2001	250	15	19	FULL	1	4892
331	212	136	5671	1229	0	0	FULL	1	5127
313	207	177	460	373	0	0	FULL	7	12312
208	156	171	4515	2000	0	0	FULL	1	6239
229	165	277	1354	250	21	19	FULL	1	26096
294	188	172	6688	2000	53	61	FULL	3	21579
426	218	113	5134	825	0	0	FULL	1	18921
205	191	165	5297	1762	32	34	ALL_EDGES	1	26307
323	252	141	7061	1201	5	13	FULL	6	20711
260	191	192	2565	912	23	17	FULL	1	14451
224	155	130	3154	2000	0	0	FULL	2	27190
284	163	206	7372	2000	0	0	FULL	2	6514
298	150	145	4205	2000	0	0	FULL	4	7916
326	151	233	8878	2000	0	0	FULL	1	8620
258	172	213	7818	1256	0	0	FULL	1	18556
353	249	85	3510	802	0	0	FULL	1	29692
251	150	317	12012	1368	0	0	FULL	3	19042
277	253	164	8130	2000	32	26	FULL	1	6117
332	197	161	6772	2000	0	0	FULL	2	31844
202	127	176	306	449	13	18	FULL	2	16162
281	160	189	6375	2000	37	32	ALL_EDGES	3	23111
260	215	152	5984	2000	0	0	FULL	2	27542
294	146	198	6375	1211	12	15	FULL	2	17198
252	194	153	5362	2000	38	41	FULL	3	26953
346	253	137	7044	895	0	0	FULL	2	4957
282	219	121	4575	1223	32	35	FULL	1	9512
287	219	72	2137	1027	0	0	FULL	1	1132
274	210	130	1357	859	0	0	FULL	2	28739
207	109	198	3969	2000	0	0	FULL	3	30095
386	229	119	5491	1093	11	11	FULL	3	19074
185	177	137	3532	1226	0	0	FULL	2	7620
256	184	160	5437	2000	0	0	ALL_EDGES	1	7452
256	205	161	595	474	0	0	FULL	3	16822
226	186	108	2875	2000	0	0	FULL	1	32637
380	273	101	1270	395	0	0	FULL	1	100
250	165	279	10867	2000	0	0	FULL	2	7252
277	190	162	5975	2000	0	0	FULL	4	30381
334	259	110	5120	1111	16	20	FULL	3	29702
213	168	210	3187	1616	23	28	FULL	1	22981
346	248	134	6681	856	0	0	FULL	1	11523
229	112	175	3573	2000	0	0	FULL	1	10068
230	184	154	390	295	30	29	FULL	2	16684
247	193	179	663	250	31	35	FULL	2	28551
263	194	127	494	336	17	21	FULL	2	28712
316	253	144	7199	2000	37	40	FULL	3	2138
265	156	181	5662	2000	0	0	FULL	3	24762
292	179	229	9648	2000	22	18	ALL_EDGES	1	14541
336	278	81	3502	1028	13	17	FULL	5	10497
238	173	159	4849	2000	0	0	ALL_EDGES	2	16729
363	216	153	7260	1217	12	13	FULL	2	30827
264	184	134	1716	887	0	0	FULL	3	16612
242	146	325	3036	905	0	0	FULL	1	25801
219	154	104	2233	2600	0	0	FULL	1	17068
348	168	128	4260	857	0	0	FULL	2	10596
281	220	154	902	550	34	41	FULL	2	22999
285	217	187	8521	2000	11	15	FULL	1	32601
330	257	100	4411	1111	0	0	FULL	3	18125
176	147	173	4018	2000	21	27	FULL	1	29118
226	170	249	836	361	0	0	FULL	1	26021
239	179	129	731	522	6	2	FULL	1	17916
207	157	263	1887	250	0	0	FULL	4	26529
408	260	80	3621	534	15	17	FULL	2	3327
293	204	109	3718	877	0	0	FULL	4	13190
178	139	304	8625	2000	0	0	FULL	4	1482
254	183	119	1485	1166	0	0	FULL	1	11759
407	209	88	2422	1057	14	15	FULL	1	23111
280	182	207	966	250	33	29	FULL	2	7788
343	148	147	3120	1074	0	0	FULL	1	13248
270	195	182	7125	2000	22	22	ALL_EDGES	6	27863
299	173	204	1165	615	30	33	FULL	2	20620
271	205	135	1200	446	0	0	ALL_EDGES	4	4310
355	207	116	2227	575	0	0	ALL_EDGES	2	12645
287	178	127	884	250	0	0	ALL_EDGES	1	5175
262	222	197	9073	2000	0	0	FULL	4	2025
322	206	112	2257	637	14	13	FULL	1	1254
348	243	112	5073	1094	11	9	FULL	2	3379
307	235	145	6688	2000	0	0	FULL	1	22421
227	154	128	238	403	20	16	ALL_EDGES	2	23939
279	191	140	4920	2265	0	0	ALL_EDGES	3	17072
263	227	192	8947	2000	24	26	FULL	4	12551
269	199	160	722	428	0	0	FULL	3	13884
314	232	131	5709	1213	0	0	FULL	1	23741
290	222	178	1150	419	0	0	FULL	2	25698
246	171	227	8236	1287	0	0	FULL	1	21166
284	183	222	1874	250	0	0	FULL	5	18171
327	234	150	7245	2000	0	0	ALL_EDGES	3	7363
284	204	165	6650	2000	22	24	FULL	2	4359
279	196	172	6849	2000	0	0	FULL	4	20090
261	202	160	6111	2000	0	0	FULL	3	14579
267	192	127	4160	2000	0	0	ALL_EDGES	5	16743
364	255	113	2488	834	0	0	FULL	2	24525
232	158	150	297	1112	26	29	ALL_EDGES	1	4298
270	178	177	6307	2000	11	10	FULL	2	4183
194	149	156	1012	1226	0	0	ALL_EDGES	1	12273
302	183	154	5618	2000	17	14	FULL	3	4543
228	158	209	6487	2000	0	0	FULL	1	19033
434	270	98	2760	1010	12	12	FULL	2	26244
347	211	144	1680	602	7	7	FULL	2	9977
242	202	174	671	369	32	37	FULL	2	24430
220	135	323	10193	2000	0	0	FULL	1	3217
348	237	91	3645	1050	0	0	FULL	2	11891
299	234	135	5928	2000	0	0	FULL	2	5769
247	191	181	6621	2000	0	0	FULL	3	25953
232	153	182	481	474	0	0	FULL	2	1392
233	176	208	7259	2000	0	0	FULL	1	7073
270	263	106	967	250	0	0	FULL	1	31275
233	158	315	11868	1380	21	19	FULL	7	26357
272	189	222	9418	1267	12	7	FULL	2	30650
265	203	120	4069	2000	7	9	FULL	1	19510
254	193	174	6426	1238	29	28	FULL	2	16084
435	271	64	2790	378	17	21	FULL	1	27657
336	193	161	2793	910	0	0	FULL	8	14524
205	184	120	3163	1201	12	11	FULL	1	5716
234	184	127	3740	2000	0	0	FULL	2	12342
298	182	212	1104	364	0	0	FULL	3	3079
248	105	291	1050	527	25	26	ALL_EDGES	2	24600
244	161	269	1470	549	4	9	FULL	2	18432
269	224	157	6678	2000	8	11	FULL	2	27559
413	293	95	5255	811	0	0	ALL_EDGES	1	25256
346	224	136	6142	894	0	0	FULL	3	1285
182	151	127	2670	2000	2	8	FULL	2	23769
380	274	101	1743	462	7	4	ALL_EDGES	1	14344
356	216	156	7380	902	15	14	FULL	4	5126
357	338	70	1870	797	16	16	FULL	1	8281
283	233	182	8820	2000	23	28	FULL	1	2042
246	202	111	742	514	0	0	FULL	2	9714
269	234	151	6555	1219	0	0	FULL	3	16995
404	349	89	5600	1037	0	0	FULL	1	1647
346	192	233	1689	385	0	0	FULL	3	1242
272	196	271	13021	2000	0	0	ALL_EDGES	2	19703
352	242	170	9338	1183	0	0	FULL	1	11996
323	218	206	1348	413	0	0	FULL	2	25846
439	316	105	6757	1026	17	18	FULL	1	20721
364	288	138	8352	897	0	0	FULL	1	23022
373	216	192	1519	414	18	18	FULL	1	27774
410	231	207	12811	2000	0	0	FULL	2	11343
349	239	149	7612	899	0	0	FULL	3	24356
294	257	193	10744	2000	0	0	FULL	1	14742
344	216	235	1715	559	0	0	FULL	2	1683
525	309	108	7595	969	0	0	FULL	1	10805
318	223	176	1987	605	21	22	FULL	1	9997
387	254	148	1609	250	37	41	FULL	2	2263
284	166	286	12177	2000	20	19	FULL	4	16210
387	313	128	8370	832	0	0	ALL_EDGES	2	17135
284	225	241	12927	2000	0	0	FULL	2	19737
303	210	196	1362	250	0	0	FULL	2	5089
319	271	144	7800	2000	12	15	FULL	3	15156
433	351	122	9287	833	14	9	ALL_EDGES	1	21971
369	278	132	2281	623	0	0	FULL	3	9876
455	303	113	7331	1057	0	0	FULL	1	4265
336	303	182	12561	2000	0	0	FULL	2	21573
288	226	253	13992	1305	24	21	FULL	4	25736
306	260	170	9261	1193	0	0	FULL	2	26249
417	302	131	8728	1122	0	0	ALL_EDGES	1	27746
342	244	221	740	301	28	33	ALL_EDGES	1	23978
332	218	173	2012	317	0	0	FULL	1	23923
440	315	140	10374	2448	11	11	FULL	1	12938
371	251	166	9625	2000	9	8	FULL	3	24541
347	213	263	8697	1380	27	31	FULL	2	10169
384	285	160	10517	885	0	0	FULL	3	13229
454	256	151	4690	925	0	0	FULL	2	20543
372	307	127	2552	835	8	12	ALL_EDGES	1	30165
317	188	227	1984	729	0	0	FULL	3	10978
448	362	77	5012	408	0	0	FULL	2	29802
331	247	201	11814	2600	23	23	FULL	1	10491
351	259	137	7300	893	0	0	FULL	4	2408
252	130	381	4362	1410	21	23	CORNERS	1	29756
338	220	222	5758	1191	20	21	FULL	1	14764
344	244	161	8572	2000	0	0	CORNERS	3	26815
302	185	223	9775	2000	48	49	FULL	3	17263
440	149	206	8559	2600	0	0	FULL	1	7559
373	266	197	2301	250	0	0	FULL	1	22966
297	259	175	9517	2000	0	0	FULL	1	3450
420	262	159	5302	628	0	0	FULL	1	14668
294	221	206	10314	2000	36	44	FULL	3	23447
419	298	124	7967	1083	0	0	FULL	2	14664
355	320	171	2710	535	15	15	FULL	2	18970
476	266	122	7471	1056	0	0	FULL	2	651
263	168	395	18987	2000	0	0	FULL	4	30473
418	322	101	3766	929	13	16	FULL	2	28808
402	328	141	5069	953	13	21	FULL	1	15339
305	188	338	4797	767	0	0	FULL	2	19758
236	167	371	3567	250	0	0	FULL	2	30330
276	238	281	4551	280	22	25	FULL	1	10119
