349	297	92	4636	1074	0	0	FULL	5	31495
354	197	136	5500	1131	0	0	ALL_EDGES	2	15760
229	147	282	1273	510	0	0	ALL_EDGES	2	21248
318	277	130	6865	1209	0	0	FULL	1	16583
315	177	152	5474	2000	14	13	FULL	1	22795
359	268	88	4012	1055	0	0	FULL	3	1268
259	180	97	1170	911	13	6	FULL	6	11293
245	168	159	760	616	39	43	FULL	1	29200
242	184	170	5730	2000	0	0	FULL	1	2290
319	216	94	3341	1105	0	0	FULL	1	8290
368	224	115	1824	250	9	1	FULL	4	29781
291	164	158	787	645	0	0	ALL_EDGES	2	11732
368	270	105	1102	570	36	28	FULL	2	6037
311	253	146	7314	526	18	15	FULL	1	15069
222	204	121	3740	2000	0	0	FULL	2	3768
260	160	181	5707	2000	0	0	FULL	2	28884
326	181	196	8176	2000	0	0	FULL	1	18799
300	256	124	1558	464	17	19	FULL	1	26530
300	157	180	6043	2000	0	0	FULL	1	26050
328	235	97	90	266	0	0	FULL	1	17110
249	225	170	7172	1226	0	0	FULL	9	8730
282	153	150	1300	880	19	20	FULL	1	538
286	212	156	6469	2000	23	29	FULL	2	11765
264	167	262	10304	2000	0	0	FULL	1	11991
297	226	126	5159	1208	0	0	FULL	2	32650
324	207	172	345	328	19	18	FULL	3	24520
258	154	138	594	250	0	0	FULL	1	14776
245	183	168	1605	525	11	9	FULL	2	32207
347	262	94	4190	827	17	19	FULL	1	15877
275	183	189	7182	2000	25	28	FULL	1	25498
277	193	196	1344	646	0	0	FULL	1	14946
239	171	184	5985	2000	0	0	FULL	5	27190
313	206	148	6051	2000	0	0	FULL	2	18064
327	267	120	5953	848	7	2	FULL	5	1725
392	216	124	5575	843	14	22	FULL	4	6443
373	249	113	5460	1067	17	18	FULL	2	30209
360	165	203	8292	2000	0	0	FULL	1	18831
267	221	126	4785	2000	0	0	FULL	2	17224
372	246	126	6279	1130	9	8	FULL	1	32546
328	179	161	6156	2000	38	35	FULL	1	8515
284	173	214	661	250	0	0	ALL_EDGES	2	7095
240	202	134	4465	2600	20	22	FULL	1	31163
318	222	148	1879	494	8	11	FULL	6	22843
199	186	310	3024	250	0	0	ALL_EDGES	2	4090
339	187	71	1471	250	0	0	FULL	2	30996
387	232	117	3433	1123	14	14	ALL_EDGES	2	3579
276	202	153	5831	2000	22	21	ALL_EDGES	1	7933
280	166	247	3070	296	0	0	FULL	4	17880
346	275	100	4835	821	0	0	FULL	1	8391
238	159	118	1597	250	18	21	FULL	2	13343
379	222	125	5670	1145	0	0	FULL	2	8656
280	216	107	3757	1188	0	0	FULL	1	2793
255	217	136	5047	2000	0	0	FULL	1	9021
326	137	213	7030	2000	34	35	FULL	2	22622
246	207	168	6417	2000	0	0	FULL	1	6488
252	202	187	988	378	27	31	FULL	5	31582
282	224	150	6393	2000	20	24	FULL	1	19438
336	246	139	6900	908	37	34	FULL	1	0
336	260	120	5890	1690	0	0	FULL	1	1694
341	257	86	2250	643	14	11	FULL	1	10747
206	161	135	490	250	0	0	FULL	4	6754
280	250	150	3255	649	26	30	FULL	1	5704
219	194	130	3894	2000	23	25	FULL	2	9190
361	224	105	4343	855	17	17	FULL	2	27140
346	256	130	6601	852	5	3	FULL	1	20034
361	198	147	6247	1184	14	16	FULL	3	30663
279	189	123	1378	527	0	0	FULL	1	25940
288	246	162	7935	2000	0	0	FULL	1	7545
315	228	147	6646	2000	41	41	CORNERS	1	26695
401	216	133	3530	658	0	0	FULL	1	30295
293	283	139	7360	1205	0	0	FULL	1	56
277	187	145	5010	2000	0	0	FULL	2	2861
339	328	86	2422	572	0	0	FULL	2	8808
424	220	80	3142	1805	0	0	ALL_EDGES	1	29998
246	164	111	702	458	6	9	FULL	3	19685
223	169	120	3046	2000	20	18	ALL_EDGES	1	27279
282	149	131	3481	2000	18	23	FULL	2	9728
382	257	76	3225	527	10	9	FULL	1	30321
307	229	149	6762	2000	0	0	FULL	1	21174
349	235	104	1623	690	0	0	FULL	1	23596
384	320	86	4735	2000	15	14	FULL	2	7773
271	228	138	5601	2428	0	0	FULL	2	25161
322	230	155	7406	2000	0	0	FULL	2	28087
260	210	138	45	250	0	0	FULL	1	21642
398	236	122	2403	524	10	18	FULL	3	15567
392	180	163	6911	1177	16	13	FULL	1	11620
387	202	154	936	322	30	30	FULL	3	4958
298	203	141	5414	2000	18	26	FULL	2	30755
293	268	121	5681	1163	0	0	ALL_EDGES	3	14261
346	200	94	1560	576	0	0	FULL	2	23240
305	237	146	5932	908	0	0	FULL	2	17919
250	187	96	765	822	0	0	FULL	3	1118
360	231	138	6658	1166	3	3	FULL	2	2666
286	175	110	3190	1167	17	13	FULL	2	13696
198	169	164	4537	2000	0	0	FULL	1	27260
331	214	148	1029	419	0	0	FULL	1	795
247	195	248	2208	838	0	0	FULL	1	27421
270	200	177	7030	2000	0	0	FULL	1	8869
356	226	143	609	278	0	0	ALL_EDGES	1	30997
306	190	198	2645	980	0	0	FULL	2	21674
382	230	108	2802	643	14	12	FULL	1	12414
273	232	150	6498	2000	0	0	FULL	3	4420
238	231	119	4244	2000	14	16	ALL_EDGES	1	30194
261	196	147	1170	738	23	23	FULL	1	192
336	207	122	1521	819	0	0	FULL	5	22446
285	201	148	5661	2000	0	0	FULL	4	13156
409	228	91	663	250	17	12	FULL	2	13811
362	297	98	5176	1047	17	13	FULL	1	5348
372	193	132	1748	845	0	0	FULL	2	5237
269	211	132	4875	2000	19	23	FULL	2	18285
264	218	147	1037	250	41	48	ALL_EDGES	1	3994
173	129	203	927	938	0	0	FULL	1	31482
276	158	218	7666	623	27	25	FULL	1	6072
357	219	147	6888	1211	0	0	FULL	1	18453
401	265	108	1564	680	3	1	FULL	2	29694
218	192	180	6180	2600	27	26	FULL	3	7188
284	233	158	7224	2000	0	0	FULL	2	5910
246	180	147	4608	2000	0	0	FULL	4	12291
347	276	110	5565	860	0	0	ALL_EDGES	3	7085
354	209	87	3074	1014	0	0	FULL	3	9411
276	172	116	3316	2000	17	15	FULL	1	9117
412	234	109	5124	1053	0	0	FULL	2	10156
358	238	112	4997	832	0	0	FULL	6	12270
261	218	114	760	465	0	0	FULL	3	2221
264	167	239	1596	578	0	0	FULL	1	6138
323	159	166	5627	2000	18	20	FULL	2	26412
264	188	151	5220	2000	19	19	FULL	3	21621
279	186	183	7049	2000	0	0	FULL	1	30495
290	222	117	4440	414	13	10	FULL	2	2330
246	189	182	6664	1239	34	34	FULL	2	30477
272	202	82	904	523	0	0	FULL	1	2571
234	204	220	9187	2000	28	24	FULL	7	19221
342	166	167	6156	2000	0	0	ALL_EDGES	7	13506
417	240	115	3576	1074	14	21	FULL	3	27774
284	242	152	7087	2600	0	0	FULL	4	15241
362	197	161	7130	2000	0	0	FULL	2	17854
305	219	142	2460	250	0	0	FULL	2	22282
249	117	325	9661	2000	22	24	FULL	2	16273
327	176	148	1207	250	0	0	FULL	2	28256
260	249	162	7591	2000	0	0	FULL	3	13598
329	206	125	4896	1175	0	0	FULL	2	7550
338	214	145	6394	1223	0	0	ALL_EDGES	2	27466
358	236	125	5817	858	0	0	FULL	1	1039
285	213	140	1564	250	18	22	FULL	1	29809
293	246	104	1380	491	0	0	FULL	4	19838
316	198	192	8592	2000	20	23	ALL_EDGES	1	6036
315	201	182	8038	1188	0	0	FULL	2	32290
276	198	120	3978	1166	5	3	FULL	6	8683
268	155	205	6757	2000	0	0	FULL	1	2017
266	211	152	5907	2000	34	35	FULL	2	18636
277	189	143	4972	2000	19	21	FULL	1	966
329	216	106	1560	754	10	15	FULL	1	6645
280	218	172	7539	2000	8	5	FULL	3	24707
320	202	116	4230	1116	0	0	FULL	1	2136
262	138	235	3026	1431	0	0	LONG_EDGES	2	28637
212	162	218	2310	1066	25	18	FULL	2	398
404	131	141	3457	1117	0	0	FULL	1	13470
305	217	144	6051	2492	0	0	FULL	1	10847
391	244	110	5271	833	0	0	FULL	1	20680
308	203	88	2783	1074	17	19	FULL	3	20465
245	205	170	6460	2000	0	0	FULL	1	8211
273	156	200	6630	2000	32	27	FULL	2	1670
190	176	222	7245	2000	0	0	FULL	2	16036
271	174	137	4270	2000	19	17	FULL	1	18903
240	174	228	408	312	0	0	FULL	3	1883
220	167	203	915	250	0	0	FULL	1	30095
294	200	145	5533	2000	15	13	FULL	1	11273
197	156	145	3519	2000	0	0	ALL_EDGES	1	17730
322	243	146	7199	1158	7	10	FULL	1	29921
245	152	254	8683	2000	25	27	FULL	1	1515
283	208	127	4672	2000	0	0	CORNERS	1	28722
265	216	165	6868	2000	5	3	FULL	1	8222
336	296	95	4788	2000	11	12	FULL	2	9924
346	255	130	1805	250	0	0	FULL	7	18205
232	146	133	3132	2000	14	16	FULL	15	31997
341	242	127	6006	1352	17	13	FULL	5	5618
312	200	136	5219	1204	0	0	LONG_EDGES	1	17928
334	223	114	4666	1133	14	18	FULL	1	27544
226	161	208	6487	2000	28	29	FULL	3	17879
232	155	126	3055	1177	0	0	FULL	8	10470
224	153	190	2164	1109	23	27	ALL_EDGES	4	21104
248	165	134	3729	409	19	25	FULL	1	28410
264	145	196	5880	2000	32	33	FULL	2	17751
340	248	136	6796	1179	0	0	FULL	1	14330
335	272	105	5006	1086	0	0	FULL	3	7997
264	151	212	6910	2000	0	0	FULL	3	30742
260	180	160	5392	1209	0	0	FULL	1	25322
257	221	203	9280	2000	0	0	FULL	1	6940
279	172	239	9637	2000	0	0	FULL	1	1234
251	220	190	8305	2000	24	21	ALL_EDGES	4	17698
279	155	219	1206	659	0	0	FULL	1	4892
241	136	137	3123	1197	0	0	FULL	2	3518
261	216	116	4023	2000	15	19	FULL	2	26729
345	221	138	6184	1165	8	13	FULL	2	8975
222	182	185	6202	2000	31	29	FULL	3	27517
255	167	246	9292	2000	39	43	ALL_EDGES	1	23098
259	208	158	289	357	0	0	FULL	2	29346
331	228	100	3885	1087	0	0	FULL	1	14553
245	181	124	434	355	0	0	FULL	1	29368
432	242	101	4840	797	13	7	FULL	1	25639
283	200	80	1035	989	0	0	FULL	3	19522
219	164	237	7922	2000	0	0	FULL	5	10779
317	264	113	5320	2000	9	5	FULL	2	21589
257	156	137	3712	2000	0	0	FULL	3	3453
352	214	113	4530	1137	0	0	FULL	2	19791
305	119	316	10522	2000	27	32	FULL	2	356
277	210	60	1277	1215	0	0	FULL	1	29962
355	234	138	6704	1158	0	0	FULL	1	25543
221	183	236	8806	2000	0	0	FULL	3	14657
326	260	112	5234	855	0	0	FULL	3	17727
277	219	124	2955	1575	0	0	ALL_EDGES	1	4781
381	177	127	4607	1114	0	0	FULL	2	7863
442	266	98	3622	1076	0	0	FULL	2	15136
260	99	135	584	771	0	0	ALL_EDGES	1	28406
361	252	126	6382	2000	7	3	FULL	2	30987
334	199	173	7647	2000	19	18	FULL	1	30966
298	217	85	2777	852	0	0	FULL	1	21254
336	249	102	612	788	17	15	FULL	1	27842
254	198	69	1732	402	0	0	FULL	6	15748
293	199	112	357	407	16	22	FULL	1	15842
280	217	123	4627	2000	0	0	ALL_EDGES	2	18474
339	241	141	3277	636	13	10	FULL	3	8817
278	136	118	594	250	2	3	FULL	2	11888
253	242	187	1023	527	0	0	FULL	5	16622
223	145	232	6877	2000	12	16	FULL	2	1078
229	182	155	448	453	0	0	FULL	4	20667
300	160	177	6001	2000	0	0	FULL	1	11035
229	185	130	3817	1172	0	0	FULL	1	6569
303	267	105	4692	2000	0	0	FULL	2	18131
290	240	150	6982	2000	0	0	FULL	2	5022
195	126	225	5280	2000	25	31	FULL	3	29467
377	203	150	1506	654	0	0	FULL	2	2304
312	202	183	8096	2000	23	21	FULL	1	23601
353	280	106	2541	250	12	14	FULL	8	27618
238	166	165	4940	2000	26	32	FULL	2	16869
260	174	188	6587	2000	30	32	FULL	2	30492
234	165	194	1815	866	23	27	FULL	3	12755
278	222	154	788	361	32	30	FULL	1	20149
367	216	82	2938	1041	14	15	FULL	2	18439
256	162	205	6902	2000	0	0	FULL	1	690
202	170	277	9870	2000	21	19	ALL_EDGES	3	1031
351	178	151	902	560	0	0	FULL	1	23626
382	286	96	1627	595	18	20	FULL	1	1368
226	148	134	3181	2000	0	0	FULL	1	32752
281	198	170	712	331	0	0	FULL	2	16664
221	174	118	351	454	0	0	FULL	3	9460
243	178	81	724	940	0	0	FULL	1	13085
413	270	103	5462	824	0	0	ALL_EDGES	1	4431
284	234	174	8257	2000	0	0	FULL	2	11903
413	270	94	4777	1034	0	0	FULL	1	30823
360	239	134	2415	525	0	0	FULL	1	2520
363	213	136	1585	749	0	0	FULL	9	21861
264	134	242	7344	1273	0	0	FULL	2	19957
268	182	154	1095	445	0	0	FULL	1	13421
359	253	93	4114	1070	0	0	FULL	2	24492
267	190	236	10188	1241	0	0	FULL	2	21415
391	213	102	4122	1081	0	0	FULL	2	6963
306	189	147	1649	250	18	16	FULL	2	30917
353	263	123	1138	382	34	34	FULL	1	25677
232	195	187	6919	2600	21	21	FULL	2	28722
225	189	281	11952	2378	20	19	FULL	2	4429
277	198	137	915	480	0	0	FULL	4	5410
233	165	302	11649	2000	0	0	FULL	3	11402
266	154	184	5692	1215	22	30	FULL	1	31198
336	256	99	1793	250	0	0	FULL	1	3053
192	111	165	623	250	0	0	FULL	3	27182
264	164	174	5565	2000	21	18	FULL	1	6955
342	224	111	4556	1085	0	0	FULL	3	7041
276	187	146	5032	2000	19	23	FULL	1	2233
323	239	110	4666	880	16	17	FULL	1	2518
256	192	174	6400	2000	0	0	FULL	4	21709
333	307	102	3066	250	0	0	ALL_EDGES	1	28886
228	185	106	1165	899	12	15	FULL	1	13717
374	186	137	5386	1176	0	0	ALL_EDGES	1	8937
283	173	173	6094	2000	21	23	FULL	7	25576
334	177	161	6108	2000	18	19	FULL	1	10663
258	200	165	561	250	0	0	FULL	1	10356
315	271	100	1810	737	0	0	FULL	4	4312
199	176	158	4449	2000	0	0	FULL	2	16230
252	216	220	10140	2000	0	0	FULL	4	26240
296	157	162	5115	2002	0	0	FULL	3	32463
306	237	144	1984	498	9	9	FULL	1	19487
348	224	154	7428	1170	0	0	FULL	1	26075
301	206	185	8280	2000	22	24	ALL_EDGES	1	23054
328	159	202	7549	2000	0	0	ALL_EDGES	1	3502
371	160	161	5814	1190	4	9	FULL	2	17560
266	182	155	5265	2000	20	15	FULL	2	29618
297	156	225	8316	1255	22	21	ALL_EDGES	1	9966
276	211	163	6707	2000	0	0	ALL_EDGES	1	28247
416	167	165	2058	484	0	0	FULL	2	16230
293	182	225	744	301	0	0	FULL	2	16483
208	155	139	3361	2000	0	0	FULL	2	7562
321	230	128	5605	897	0	0	FULL	4	19251
313	222	151	1186	453	0	0	FULL	1	7076
268	197	142	982	250	19	17	FULL	1	10564
298	249	115	4930	1190	0	0	FULL	4	30057
326	220	160	1610	533	0	0	ALL_EDGES	2	25505
299	158	244	3714	1090	23	22	FULL	2	13762
332	222	156	7314	1144	0	0	FULL	11	25026
370	276	112	5980	836	39	37	FULL	5	18633
429	296	90	4623	1191	0	0	FULL	1	17714
315	196	187	8142	2000	0	0	FULL	1	19531
260	236	122	1650	984	11	13	FULL	2	32114
290	204	127	4612	1180	0	0	FULL	1	5586
358	200	105	1575	731	0	0	FULL	1	13242
319	257	91	712	304	16	17	FULL	2	21095
268	205	154	807	404	0	0	FULL	4	3660
255	149	144	3806	2000	0	0	FULL	2	16649
285	233	113	4402	1198	18	16	FULL	1	14989
295	236	166	1805	250	22	19	ALL_EDGES	1	22753
249	194	218	2016	250	0	0	FULL	1	9746
229	167	143	1056	250	24	21	FULL	1	21575
249	138	217	6337	2000	38	40	FULL	2	19378
419	331	54	2632	762	0	0	FULL	1	30351
214	150	359	2254	250	0	0	FULL	4	26076
264	235	104	3815	904	0	0	ALL_EDGES	1	2020
293	157	185	6188	2000	0	0	FULL	1	1457
283	165	203	7343	2000	0	0	FULL	2	12970
279	229	133	960	339	18	17	FULL	2	25955
189	151	192	4977	2000	0	0	FULL	3	26676
268	212	150	5856	2000	20	23	FULL	1	84
242	160	194	277	288	0	0	FULL	1	25323
303	213	178	8084	2000	0	0	FULL	2	25315
301	213	148	6165	2000	0	0	FULL	3	2787
248	211	124	4257	2000	0	0	FULL	1	30702
219	158	333	1000	559	0	0	FULL	1	1237
269	199	139	592	486	19	18	FULL	1	28283
284	175	172	1921	250	19	21	FULL	2	27401
366	157	183	556	413	0	0	FULL	1	32509
302	152	164	5092	622	0	0	ALL_EDGES	4	30641
288	215	121	4530	1181	0	0	FULL	1	19615
426	269	100	4830	372	0	0	FULL	4	30862
331	154	167	5576	2000	0	0	ALL_EDGES	4	13235
357	245	132	6555	1167	0	0	FULL	3	9427
279	204	149	2830	250	19	26	FULL	2	29030
262	200	220	3829	996	23	23	FULL	2	30809
275	167	229	8683	2000	29	24	FULL	1	30908
249	176	262	10580	2000	0	0	FULL	2	12573
356	286	104	5355	847	12	17	FULL	3	11879
352	205	159	7187	2000	15	10	FULL	3	24798
331	218	104	3967	1132	0	0	FULL	6	14101
266	192	146	5130	2000	28	34	FULL	2	31460
324	188	173	7087	2000	20	19	FULL	1	23606
221	156	276	9471	2000	23	31	ALL_EDGES	2	20588
427	222	121	5807	1050	0	0	FULL	5	16414
270	219	194	8878	1221	0	0	FULL	1	6811
280	218	139	1504	847	0	0	ALL_EDGES	1	10865
226	159	236	7803	2000	0	0	ALL_EDGES	1	10075
160	161	175	4216	2370	26	27	FULL	3	6810
275	200	210	9131	2000	0	0	FULL	1	22570
255	194	191	817	250	33	37	FULL	2	1535
368	237	86	3457	798	15	20	FULL	1	8755
226	185	202	7259	2000	0	0	ALL_EDGES	5	5245
266	168	168	1455	506	0	0	FULL	2	10036
300	130	219	6613	452	0	0	FULL	1	4358
306	259	107	4726	1103	7	3	FULL	5	16116
306	249	59	1899	453	7	12	FULL	2	1393
265	252	113	4560	1185	16	16	FULL	5	11984
297	213	135	5312	1197	0	0	FULL	1	25097
272	186	168	6128	901	0	0	FULL	3	16991
242	186	123	3619	2000	14	22	FULL	1	12200
310	252	109	4717	1437	0	0	ALL_EDGES	2	30673
419	290	95	5221	1013	0	0	FULL	1	2204
351	244	99	314	250	0	0	FULL	1	4876
354	197	122	1734	507	0	0	FULL	3	31942
324	266	133	2576	537	11	9	FULL	1	28552
201	152	115	2436	2000	0	0	FULL	1	9458
246	213	105	3349	1210	0	0	FULL	3	2133
288	144	229	703	355	31	40	FULL	3	9795
172	176	150	558	250	43	46	FULL	2	29785
251	245	122	660	525	0	0	FULL	1	18816
254	227	61	1631	1037	0	0	FULL	1	16197
351	225	133	6037	1127	17	23	FULL	3	11907
264	205	120	4075	2000	43	42	FULL	1	7654
229	196	145	4745	2000	0	0	FULL	1	19169
359	220	133	1543	723	5	5	FULL	1	5003
287	169	93	1278	952	13	12	FULL	1	31339
311	172	102	990	481	0	0	FULL	1	15052
251	176	261	1173	590	0	0	FULL	2	23217
225	160	235	867	434	0	0	FULL	1	20353
370	286	109	2518	788	11	19	FULL	3	27479
223	193	151	4881	1892	35	32	FULL	3	8148
232	161	120	2992	1182	0	0	FULL	4	9861
342	251	123	819	444	0	0	FULL	4	17928
374	282	109	5876	1112	10	12	FULL	3	5214
263	191	169	6239	2000	0	0	FULL	2	14341
353	272	120	6302	854	17	20	FULL	3	9623
367	272	115	6072	1099	0	0	FULL	2	29807
298	212	166	7224	2000	0	0	FULL	2	22552
250	141	242	884	529	23	23	FULL	1	14549
246	181	146	4602	2000	0	0	FULL	1	29020
319	244	135	6352	897	10	14	FULL	1	2089
240	119	265	7057	2000	0	0	FULL	3	14683
252	198	230	9913	2000	0	0	FULL	1	23017
243	178	175	5790	2000	25	21	FULL	1	12721
220	192	106	2893	1159	0	0	FULL	1	32767
241	118	403	13098	2000	0	0	FULL	2	7361
228	128	189	4543	2000	9	10	FULL	1	14706
318	222	162	7590	2000	0	0	FULL	2	31353
335	244	141	6957	914	0	0	FULL	1	6409
306	239	143	6667	2000	0	0	FULL	1	18163
232	182	106	630	550	0	0	FULL	1	12661
267	213	131	862	470	0	0	FULL	2	6314
320	152	196	6821	1673	0	0	FULL	1	4200
242	156	252	8711	2000	0	0	FULL	1	27078
333	238	120	5339	1136	0	0	FULL	5	4291
284	236	157	7203	2000	0	0	FULL	4	6269
256	178	230	1365	384	0	0	FULL	2	2830
302	217	115	975	250	0	0	FULL	2	21127
354	177	168	6699	2000	13	15	FULL	2	7400
208	164	221	997	523	21	22	FULL	2	6603
150	145	208	4702	2000	21	26	FULL	2	2930
275	171	96	1030	816	11	20	FULL	1	29277
299	171	225	3001	250	0	0	FULL	3	651
236	168	216	7335	2000	21	27	FULL	2	23534
257	207	103	3250	871	7	3	FULL	1	17072
328	240	120	5396	2003	0	0	FULL	1	22076
272	251	168	8280	2000	0	0	FULL	2	17752
315	255	93	2182	1213	0	0	FULL	4	25197
324	257	102	1819	965	11	13	FULL	3	3959
333	219	116	1436	786	0	0	FULL	1	24575
214	134	156	3501	2000	34	39	FULL	1	13800
260	241	136	1037	250	0	0	FULL	2	23239
328	207	125	4913	890	14	10	FULL	1	3115
281	249	137	5937	2000	0	0	FULL	1	30347
298	168	191	6963	2000	0	0	FULL	1	18349
316	209	143	5947	2000	14	14	FULL	7	29964
306	219	113	1290	474	0	0	FULL	2	25434
349	207	104	3862	1095	0	0	FULL	1	11690
395	248	87	1708	503	0	0	ALL_EDGES	2	2174
303	273	115	5462	1173	0	0	ALL_EDGES	2	22233
277	165	187	1861	250	26	24	FULL	1	19307
202	165	135	477	599	36	35	FULL	12	24318
276	169	182	6307	2000	9	10	FULL	3	11086
271	201	156	5941	2000	0	0	FULL	1	9268
368	218	106	4318	1109	0	0	FULL	3	13212
326	175	149	2541	250	0	0	FULL	4	19612
300	215	132	5236	1169	14	14	FULL	2	23615
321	232	154	7371	2000	0	0	FULL	3	17434
290	214	186	8429	2000	23	20	FULL	1	20756
344	155	178	551	325	0	0	FULL	1	2076
303	254	136	6541	2000	0	0	FULL	2	28049
253	144	288	10017	690	22	24	FULL	4	7915
309	256	146	7325	1203	0	0	FULL	1	20711
248	169	202	6961	1292	0	0	FULL	2	24524
293	211	122	2662	1401	18	17	CORNERS	1	325
246	177	218	8094	2000	0	0	FULL	1	19126
257	171	193	6706	2000	0	0	FULL	1	21676
368	165	140	4904	853	0	0	FULL	1	27218
335	215	104	3945	1074	0	0	FULL	2	23537
302	239	104	4132	1147	0	0	FULL	1	5403
278	225	87	2904	449	0	0	FULL	1	16227
318	204	176	7889	2000	0	0	FULL	2	24313
300	200	141	5406	1203	0	0	FULL	5	625
294	251	101	4140	1102	13	17	ALL_EDGES	2	17301
230	146	281	9367	2000	24	24	FULL	2	8613
341	197	126	4836	1155	0	0	FULL	1	434
246	217	178	646	472	0	0	FULL	1	13243
346	288	105	1827	250	0	0	FULL	3	18163
267	213	150	5865	2000	0	0	ALL_EDGES	2	14217
325	152	91	1026	782	11	6	FULL	1	30122
290	192	152	314	298	28	26	FULL	2	8802
217	136	153	432	382	0	0	FULL	1	19333
329	239	134	6258	1172	0	0	FULL	3	18644
288	216	170	535	398	0	0	FULL	2	14870
290	201	164	6564	2000	35	37	FULL	1	29515
214	173	94	2159	2000	0	0	FULL	3	29002
274	172	138	598	373	0	0	FULL	3	13891
324	278	116	2037	493	0	0	FULL	2	6253
287	206	193	8625	2000	29	33	FULL	4	20551
234	164	195	1792	250	0	0	FULL	6	9613
278	163	143	4303	2000	0	0	FULL	1	25687
250	207	223	2311	250	20	26	FULL	1	8363
247	195	176	1708	739	0	0	FULL	3	16433
460	274	83	3108	979	16	18	ALL_EDGES	1	13333
365	187	139	5491	872	15	11	FULL	1	24314
389	324	96	5664	1065	0	0	FULL	1	10834
312	164	233	9444	2000	20	18	FULL	1	3706
214	178	222	1334	279	0	0	FULL	6	27400
317	268	135	6992	1197	0	0	FULL	5	29950
286	208	177	7581	2000	0	0	FULL	2	25620
266	189	168	1020	631	40	37	FULL	1	21949
304	194	127	4515	886	0	0	ALL_EDGES	1	23674
296	252	114	3706	1156	16	13	FULL	3	20595
258	215	99	3190	899	0	0	FULL	1	26361
274	195	215	3277	250	0	0	FULL	2	1077
356	199	148	6310	1190	0	0	FULL	4	464
247	201	232	529	399	29	32	FULL	2	2462
318	211	127	5006	878	0	0	FULL	1	10998
334	294	122	900	477	18	16	FULL	3	6844
321	241	149	7268	2000	0	0	FULL	3	27028
160	88	317	2047	1163	20	25	FULL	1	19731
354	171	189	1012	386	0	0	FULL	1	5031
231	177	184	637	369	0	0	FULL	1	21699
287	217	152	1102	250	20	26	FULL	2	6975
208	145	249	7320	2000	0	0	FULL	1	12170
262	168	215	7799	2000	29	31	FULL	2	5384
333	235	147	7095	2000	0	0	FULL	1	29483
337	277	129	3456	975	0	0	FULL	2	30688
295	226	157	7077	2000	0	0	FULL	8	14239
273	212	95	3047	866	0	0	FULL	3	13235
379	221	90	1057	438	0	0	FULL	3	27910
288	253	165	8352	2000	0	0	FULL	2	17547
244	212	164	6366	2000	0	0	FULL	1	16745
313	257	93	3862	1073	0	0	FULL	2	12376
254	178	166	1027	687	0	0	FULL	2	15233
246	165	86	1946	1107	0	0	ALL_EDGES	2	22640
330	296	118	6440	1146	17	16	CORNERS	1	29860
267	196	144	5070	2000	0	0	FULL	2	1258
292	262	150	7613	2000	0	0	FULL	4	27028
321	204	130	5049	1170	0	0	FULL	4	32450
247	217	196	8484	2000	20	26	FULL	1	7824
234	199	247	10603	2000	25	19	FULL	2	3550
289	164	201	7229	2000	21	19	FULL	2	3287
264	130	102	2037	883	16	20	FULL	2	24863
222	143	140	319	250	31	30	ALL_EDGES	1	18916
364	268	87	3969	1028	0	0	ALL_EDGES	1	603
513	301	74	4266	484	0	0	ALL_EDGES	2	7132
241	231	135	870	401	0	0	FULL	3	7461
332	297	107	1953	843	9	9	FULL	1	13726
250	215	214	4140	250	0	0	FULL	1	24899
387	302	90	4830	1040	0	0	FULL	1	10196
265	164	173	5550	2000	0	0	FULL	2	15295
296	192	185	661	439	30	39	FULL	1	19849
232	165	196	6240	2000	31	32	FULL	4	12297
319	286	126	6762	1887	17	14	FULL	1	21100
307	192	195	8383	2000	36	42	FULL	1	24126
262	189	172	467	286	29	27	FULL	1	30618
354	256	116	5649	1120	12	8	CORNERS	2	18077
296	149	103	1885	277	18	23	FULL	7	24787
258	142	150	3855	2000	20	19	FULL	4	26388
325	232	126	5529	1134	9	13	FULL	4	27527
276	183	169	1572	775	0	0	FULL	2	16077
231	198	77	1897	841	0	0	FULL	2	22733
380	231	109	4807	1106	0	0	ALL_EDGES	3	26292
263	221	129	4867	2000	0	0	FULL	2	28995
357	305	97	808	499	31	32	FULL	1	2001
286	230	159	1008	353	26	27	FULL	6	2164
317	217	109	900	414	0	0	FULL	1	20701
201	144	155	3591	951	0	0	FULL	4	19024
220	129	124	2415	2000	27	32	FULL	3	12094
228	200	186	6953	2000	0	0	FULL	2	5906
414	161	158	6058	854	0	0	FULL	1	4948
287	190	192	850	250	0	0	FULL	3	22662
232	174	185	2175	250	26	27	FULL	1	31768
312	252	134	6405	1199	18	18	FULL	3	26051
246	180	238	9292	978	0	0	FULL	1	23791
345	260	133	6972	1157	0	0	FULL	9	20619
298	263	96	3997	862	10	13	FULL	1	27022
275	182	230	9533	2000	0	0	FULL	2	2243
251	177	192	1045	250	0	0	FULL	1	27022
232	150	129	3091	1217	10	12	FULL	4	3604
282	229	116	4485	1163	16	18	FULL	1	17789
290	260	60	1957	1010	0	0	FULL	5	486
242	173	179	5872	2000	0	0	FULL	6	27172
274	150	255	1785	250	26	28	FULL	2	27410
293	185	176	6754	2000	0	0	FULL	2	8077
234	214	169	824	250	0	0	FULL	3	3693
393	287	107	2784	250	0	0	ALL_EDGES	1	8915
267	164	103	2610	1179	11	10	FULL	1	23035
289	206	194	1035	322	0	0	FULL	1	25491
236	123	327	9927	2600	23	24	FULL	1	23185
213	161	160	852	250	0	0	FULL	2	28614
325	156	89	1062	996	0	0	FULL	2	22299
269	198	224	1860	439	6	2	FULL	2	21489
259	196	187	7362	2000	26	23	FULL	1	19912
346	185	101	695	590	36	39	FULL	5	1159
321	281	127	5715	860	0	0	FULL	3	10732
284	177	149	832	448	0	0	FULL	7	29201
247	155	170	1469	250	26	23	FULL	2	31762
325	179	146	2541	1028	0	0	FULL	3	23470
312	224	93	3354	1084	0	0	FULL	2	17381
261	225	145	5831	2000	20	19	FULL	2	13864
242	207	151	1005	425	0	0	FULL	2	12069
191	170	108	2418	1397	0	0	FULL	3	7930
266	211	205	9177	1270	29	27	FULL	1	27605
332	190	103	3419	2000	11	16	FULL	5	10586
241	169	184	5962	2000	21	29	FULL	1	10795
293	192	151	5644	1194	19	22	FULL	1	5623
412	282	103	5712	1018	13	18	FULL	1	211
275	209	165	6764	2000	0	0	FULL	3	21926
263	208	155	1275	585	0	0	FULL	1	25874
234	180	131	3789	2000	0	0	FULL	1	16464
315	250	121	5500	1166	0	0	FULL	2	29424
288	146	274	10108	2000	0	0	FULL	2	24997
332	215	162	7429	2000	18	12	FULL	2	29065
310	217	67	1998	1021	0	0	FULL	1	2227
298	226	97	3484	855	0	0	FULL	2	24306
367	222	117	5054	1091	0	0	FULL	1	16184
305	255	134	1438	539	3	4	FULL	2	7548
332	305	84	1198	250	4	14	FULL	1	21989
339	205	122	4785	1171	0	0	FULL	2	29162
283	188	84	2317	2302	0	0	FULL	1	10835
269	166	101	1786	250	15	14	ALL_EDGES	2	22476
331	196	176	7751	2000	0	0	ALL_EDGES	3	9880
316	227	161	7578	2000	19	17	FULL	1	3300
277	193	159	5933	2000	0	0	FULL	1	15999
285	235	126	5261	2000	4	4	FULL	1	3148
301	236	161	1794	440	20	26	FULL	1	22526
362	248	106	4522	1068	16	10	FULL	1	21718
341	206	107	3952	832	0	0	FULL	2	10500
243	150	315	11649	2000	0	0	FULL	1	22193
280	203	79	1282	986	0	0	ALL_EDGES	11	25131
300	219	174	8050	2000	0	0	FULL	3	24556
272	187	225	1483	677	56	55	FULL	2	13256
277	190	162	756	250	0	0	FULL	7	28744
299	199	126	2092	364	13	14	FULL	3	23843
260	197	88	2461	1154	0	0	FULL	2	5266
307	147	145	1631	250	16	16	FULL	3	11107
306	226	138	5918	2000	0	0	FULL	3	26512
376	199	140	5995	1169	0	0	FULL	1	16779
495	274	85	2369	748	17	18	FULL	1	31858
289	192	207	8878	2000	0	0	FULL	1	5108
314	214	111	1530	250	10	15	FULL	1	6048
233	174	136	3855	1237	22	26	FULL	3	27713
416	231	89	2975	1168	0	0	FULL	1	18010
343	174	143	1929	794	17	17	FULL	1	4278
284	178	187	2014	939	0	0	FULL	1	13355
234	184	244	9628	2000	0	0	FULL	1	25858
405	349	138	10705	846	8	8	FULL	1	26146
379	224	205	11882	2000	0	0	FULL	2	2690
370	241	162	1928	511	2	9	FULL	1	6838
283	169	261	10825	1274	0	0	FULL	3	2661
287	224	256	973	333	0	0	FULL	3	8548
393	247	171	10114	1166	0	0	FULL	1	18900
344	294	154	9625	2000	6	8	ALL_EDGES	1	14758
315	249	249	15756	2000	0	0	FULL	1	11988
353	329	134	1953	250	45	45	FULL	1	13029
357	176	246	11749	2000	27	25	FULL	4	32693
403	230	178	10197	2000	10	9	FULL	1	24731
368	287	156	9999	1219	0	0	FULL	1	27089
391	287	147	9471	1149	8	7	FULL	3	4218
345	306	146	4061	889	13	13	FULL	2	19327
291	230	291	17550	2000	0	0	FULL	2	8848
412	305	124	8013	851	11	13	FULL	1	6704
405	260	185	12226	2000	11	16	FULL	2	6195
347	239	199	1567	536	0	0	FULL	4	16841
473	366	107	1313	332	16	20	FULL	1	21789
374	302	137	1100	461	0	0	FULL	2	27826
314	198	233	1493	250	35	42	FULL	2	9497
273	171	267	11125	2000	43	43	FULL	2	28492
353	272	202	13591	2000	0	0	FULL	2	21944
347	227	210	3333	913	0	0	FULL	1	28130
293	208	254	620	250	0	0	FULL	3	9865
359	307	141	9083	894	0	0	FULL	1	23080
250	191	304	14253	2000	0	0	ALL_EDGES	2	28022
301	235	234	13216	2000	32	34	FULL	2	16079
471	331	93	2189	729	0	0	ALL_EDGES	2	30186
474	205	149	2885	521	0	0	FULL	1	27611
322	240	174	9166	2000	23	23	FULL	2	19915
365	241	198	11900	2000	20	23	FULL	2	16613
349	227	158	1062	530	0	0	FULL	1	18298
210	168	550	27300	2000	42	42	FULL	3	12230
255	215	282	14601	2000	0	0	FULL	1	27294
301	234	191	9855	2600	26	28	FULL	3	22547
300	206	203	2725	1086	25	27	FULL	1	30515
457	379	101	7857	1007	14	15	ALL_EDGES	2	7583
433	249	181	11739	1191	19	19	FULL	1	14493
312	243	179	9396	2000	0	0	FULL	2	188
262	154	334	3766	612	0	0	FULL	2	28586
375	219	152	7437	1206	0	0	FULL	7	4959
354	216	177	8842	2000	17	14	FULL	2	10587
377	258	149	8526	1152	0	0	FULL	1	152
374	247	190	5932	1160	19	24	FULL	1	10432
293	182	252	11340	2000	30	29	FULL	2	2351
401	283	146	2739	250	0	0	FULL	1	8788
433	306	148	10705	880	6	9	FULL	2	17140
269	196	238	10612	2000	0	0	FULL	1	30606
411	269	149	9322	1127	0	0	ALL_EDGES	1	26114
339	190	195	8712	2000	31	34	FULL	1	19385
370	298	122	4819	1408	0	0	FULL	2	30594
362	208	166	7862	2000	18	15	FULL	5	19343
356	304	143	9160	1191	0	0	FULL	1	28242
420	284	163	11368	1182	49	48	FULL	1	17129
329	194	228	739	312	0	0	FULL	2	22596
272	178	300	13644	2000	26	27	FULL	1	32132
388	241	197	2534	429	0	0	FULL	2	28184
363	269	159	9532	1193	0	0	FULL	1	16713
273	240	283	16909	2000	0	0	FULL	3	17256
323	306	167	7111	1411	16	12	FULL	1	25632
311	257	156	8187	2000	0	0	FULL	1	15717
418	237	167	9718	1201	0	0	FULL	1	10018
375	272	152	4045	876	0	0	FULL	2	24738
360	259	144	7978	862	0	0	FULL	1	23225
368	241	163	8975	2000	0	0	ALL_EDGES	7	26007
317	235	168	8412	2000	0	0	FULL	5	9828
258	215	226	2662	250	0	0	FULL	1	3434
298	250	168	8650	2600	0	0	FULL	1	10720
509	225	126	6148	250	16	11	FULL	1	17311
297	258	203	11702	463	23	19	FULL	1	3467
310	173	288	3363	544	11	12	FULL	2	9706
427	287	143	9520	869	0	0	FULL	1	17328
391	173	199	8896	2000	18	18	FULL	4	8834
295	207	326	2800	250	0	0	FULL	6	30173
326	220	229	12622	2000	0	0	FULL	3	16676
441	231	197	12420	2000	0	0	FULL	2	15536
343	235	155	7812	2000	0	0	FULL	1	5070
487	314	102	5316	679	15	16	CORNERS	6	31759
357	214	204	10788	2000	21	15	FULL	2	409
338	213	201	10266	2000	0	0	FULL	1	10443
311	287	185	11682	2000	0	0	FULL	2	11782
490	256	108	6048	1016	0	0	FULL	2	970
356	236	220	13320	2600	20	19	FULL	1	31397
392	251	157	3286	537	0	0	FULL	3	7839
254	227	321	1887	437	23	27	FULL	2	20484
339	263	184	11220	2000	0	0	FULL	2	8999
488	237	169	10764	1103	17	11	FULL	1	7278
395	239	174	2310	424	0	0	FULL	2	6074
331	203	201	9666	2000	24	26	FULL	2	19385
465	352	95	6711	366	0	0	FULL	1	166
339	271	180	11104	1532	29	33	FULL	1	11099
267	185	313	15004	2000	0	0	FULL	1	2983
282	212	291	15960	1293	0	0	FULL	1	9409
500	290	134	6825	1194	0	0	FULL	1	18942
511	284	86	3387	926	17	17	FULL	3	29090
281	191	271	2291	261	27	29	FULL	3	21391
249	171	316	13554	2000	0	0	FULL	5	9499
267	175	267	11237	2000	23	22	FULL	1	14538
274	203	243	11488	2600	0	0	FULL	2	30033
393	191	167	4662	1491	0	0	FULL	2	234
360	211	164	7837	2000	0	0	FULL	1	19864
308	210	239	1891	417	0	0	FULL	3	11532
327	261	158	3240	1021	0	0	FULL	3	889
318	254	154	912	479	0	0	FULL	5	8558
443	325	114	2458	307	17	18	FULL	2	30683
348	227	185	2160	454	0	0	FULL	2	8143
330	247	153	7900	2000	0	0	FULL	1	23088
383	273	149	9021	901	0	0	FULL	2	28757
317	235	195	1087	250	31	36	FULL	3	6528
306	210	273	3045	813	0	0	FULL	2	15933
405	260	156	9570	873	0	0	FULL	1	28783
314	229	173	8562	2000	22	25	FULL	2	21496
266	224	293	16467	2000	0	0	FULL	1	21810
328	223	212	883	250	0	0	SHORT_EDGES	1	19517
360	278	175	11287	2000	0	0	FULL	3	19229
450	255	126	3204	801	0	0	FULL	2	30696
311	283	142	5312	1699	0	0	FULL	2	15762
424	339	136	4621	842	12	13	ALL_EDGES	1	10316
283	173	337	16071	2000	0	0	FULL	3	13593
318	249	209	12243	2000	0	0	ALL_EDGES	3	13265
320	202	301	2535	524	1	4	FULL	2	24168
270	258	209	11585	1621	33	36	FULL	1	1717
429	193	187	9517	1191	0	0	FULL	1	28665
306	310	174	11434	2000	0	0	FULL	1	18376
393	314	101	3175	1078	12	14	ALL_EDGES	2	23377
305	237	229	1320	494	0	0	FULL	3	24917
328	264	190	11550	2000	22	28	FULL	1	4776
416	222	212	12850	2000	0	0	ALL_EDGES	2	6701
323	192	218	1809	521	0	0	FULL	4	15829
307	172	235	9950	2000	11	11	ALL_EDGES	1	17137
257	229	229	11502	2000	30	31	FULL	3	31075
317	159	288	12484	1259	20	19	FULL	1	10986
352	211	168	1425	250	0	0	FULL	1	25709
415	342	102	6844	1023	15	11	FULL	2	14848
330	208	212	4190	250	20	20	FULL	1	15545
415	324	138	10008	867	0	0	FULL	1	30768
375	257	192	12247	2000	9	7	FULL	2	18165
338	238	193	10772	2000	29	25	FULL	2	10645
294	220	271	1872	250	21	24	FULL	3	5748
404	322	119	3689	250	0	0	FULL	3	1729
396	243	131	2812	796	0	0	ALL_EDGES	2	15851
399	303	119	1798	506	0	0	FULL	3	29703
299	246	224	4587	1192	23	18	FULL	1	22808
331	253	149	250	732	0	0	FULL	1	27019
448	386	90	6649	267	27	28	FULL	3	7791
327	255	174	1986	421	21	21	FULL	1	29971
408	279	110	6150	802	0	0	FULL	3	27467
297	183	229	9975	2000	26	33	FULL	4	23271
264	210	226	10462	2000	0	0	FULL	2	28048
363	237	192	11071	2000	0	0	FULL	2	31826
374	228	147	3250	1108	18	21	FULL	4	6721
237	211	328	2442	250	23	20	FULL	1	11332
552	294	123	9020	923	0	0	FULL	3	26523
408	315	151	6123	250	0	0	FULL	5	21573
413	301	125	1844	397	0	0	FULL	4	1643
335	282	165	10059	2000	4	7	FULL	2	28224
346	216	207	11020	2000	29	35	FULL	3	21566
419	232	160	8943	854	42	45	FULL	1	18282
282	208	212	9862	2000	26	25	FULL	2	11551
341	219	220	12144	2000	0	0	FULL	3	24221
388	247	161	9315	2000	0	0	FULL	2	10261
332	238	246	15288	1251	32	32	ALL_EDGES	3	9672
386	279	125	4509	250	14	17	FULL	5	4923
315	229	201	10599	2000	0	0	FULL	1	22728
388	162	294	14652	2000	0	0	FULL	2	8649
260	241	264	2392	391	25	26	FULL	1	10864
449	222	186	11081	866	0	0	FULL	2	9737
345	207	258	5124	625	0	0	FULL	6	32708
376	223	162	8248	1188	0	0	FULL	1	30134
445	241	182	11622	1161	13	16	FULL	1	28602
335	291	129	7250	1155	16	20	FULL	2	3018
394	185	213	10509	2000	0	0	FULL	4	13669
436	188	225	12284	2000	19	23	FULL	3	11811
456	311	131	3996	250	0	0	ALL_EDGES	3	19595
328	229	167	1600	658	0	0	FULL	3	6903
364	196	217	10974	2000	0	0	ALL_EDGES	1	7338
401	238	173	10098	1225	0	0	FULL	1	22972
302	239	242	1365	250	0	0	FULL	1	18801
306	244	260	16282	2000	23	24	FULL	1	20995
385	177	227	10927	1226	0	0	FULL	1	3117
425	226	172	9801	1158	6	6	CORNERS	1	6908
410	249	142	2494	470	8	9	ALL_EDGES	2	19399
363	243	187	5313	1065	19	17	FULL	1	15178
390	314	102	6075	1082	0	0	ALL_EDGES	1	16712
348	249	202	12267	849	0	0	FULL	5	28806
539	271	127	8547	1043	32	32	ALL_EDGES	1	25812
392	215	184	2666	645	8	8	FULL	1	14488
320	218	251	14070	2000	0	0	FULL	3	3851
314	170	346	17408	2000	31	34	FULL	2	6900
312	208	301	5284	260	0	0	FULL	3	30658
360	233	161	1822	250	3	5	FULL	1	17090
369	206	218	11649	2000	25	29	FULL	2	4013
395	334	148	6688	584	0	0	FULL	1	21027
341	226	175	8923	2000	19	19	FULL	1	17054
324	322	130	7978	1179	0	0	FULL	1	30554
447	228	191	11875	1198	0	0	FULL	2	31367
314	161	268	11286	2000	24	27	FULL	1	1138
371	181	186	8187	2000	14	11	FULL	1	8047
547	391	82	4305	268	0	0	FULL	1	13585
353	211	234	4305	268	0	0	FULL	1	10433
455	231	166	9905	1117	11	15	FULL	2	31993
270	202	266	12963	1311	0	0	FULL	1	3491
341	311	147	9455	1223	0	0	ALL_EDGES	4	29259
279	186	300	4169	1138	22	20	FULL	1	8692
284	184	239	10387	2000	0	0	FULL	1	12372
300	202	256	12973	2000	22	18	FULL	1	2217
417	319	124	3894	564	0	0	FULL	1	28132
404	221	173	9439	917	0	0	FULL	10	1339
334	217	199	10280	1192	0	0	FULL	6	13416
385	262	153	2154	250	4	1	FULL	1	27715
445	319	131	7048	1500	0	0	FULL	1	5098
539	316	108	7955	581	16	17	FULL	3	32041
327	255	222	13930	2000	14	11	FULL	2	3961
317	222	277	16497	2000	27	33	FULL	1	28202
342	244	185	10509	2000	22	27	FULL	1	23368
401	207	187	9827	1190	0	0	FULL	1	9374
392	244	130	6775	1103	0	0	FULL	2	23835
328	255	174	9744	1162	0	0	ALL_EDGES	2	28055
473	401	92	7997	957	17	17	FULL	2	18488
355	258	169	3518	999	0	0	FULL	4	26971
301	187	257	1044	329	0	0	FULL	3	20288
343	198	213	1044	336	0	0	ALL_EDGES	2	128
398	335	146	11056	1141	0	0	FULL	1	496
461	332	121	8991	1040	0	0	ALL_EDGES	1	30926
412	331	92	5637	1030	0	0	ALL_EDGES	1	21093
368	271	125	3437	1181	0	0	FULL	1	23756
282	186	238	3987	526	24	31	FULL	2	6433
427	336	101	6713	783	0	0	FULL	1	18125
386	278	172	11488	2000	6	6	FULL	2	14500
466	260	119	6974	1024	0	0	FULL	1	32705
373	299	148	9702	1164	7	6	FULL	1	4176
293	239	194	1498	250	37	38	FULL	1	14057
354	253	184	10989	2000	41	44	FULL	5	26108
282	245	224	12539	1225	28	31	FULL	6	26025
312	212	235	12229	1412	27	31	FULL	2	12465
324	217	192	9558	2600	0	0	FULL	4	573
309	215	217	11092	1267	24	21	FULL	2	28900
335	289	192	12876	2000	0	0	FULL	1	32291
323	152	335	2706	250	25	26	ALL_EDGES	1	19231
309	191	211	9437	2000	0	0	FULL	6	20173
398	287	154	10167	874	0	0	ALL_EDGES	1	17657
247	237	213	10500	1276	0	0	FULL	1	22454
435	334	128	9472	1113	11	13	FULL	2	27079
390	219	159	540	366	0	0	FULL	3	32244
282	159	278	11175	2000	0	0	FULL	1	666
391	247	139	7546	1133	0	0	FULL	1	8279
328	215	207	696	318	29	34	FULL	5	21264
515	304	118	8454	995	0	0	FULL	3	17396
313	205	226	11223	2000	0	0	FULL	2	25127
348	212	270	16020	2000	0	0	FULL	3	7281
333	278	157	1058	476	14	15	FULL	3	7771
317	228	227	709	250	28	34	FULL	3	1308
351	295	150	9439	917	0	0	ALL_EDGES	2	6355
323	199	211	2146	786	0	0	FULL	1	2934
400	286	136	2402	733	0	0	FULL	1	30353
412	238	188	2405	514	1	6	FULL	3	4943
418	371	129	4720	250	0	0	FULL	1	3098
339	263	140	7500	1176	12	12	FULL	1	25190
370	268	186	12136	2000	18	18	FULL	3	20428
333	278	168	10168	1166	0	0	FULL	2	25591
366	261	204	13416	1218	24	26	FULL	1	29309
325	160	240	9787	2000	30	28	ALL_EDGES	5	8755
380	240	148	4225	528	0	0	FULL	1	8489
437	222	160	3487	250	0	0	FULL	2	9328
306	272	150	8112	1162	0	0	FULL	1	28641
287	183	297	2914	672	23	22	ALL_EDGES	1	10997
302	268	154	8262	1204	0	0	FULL	2	5808
319	184	248	4016	250	0	0	FULL	3	22771
361	236	181	2154	250	4	0	FULL	1	24270
303	228	211	899	250	0	0	FULL	3	15263
308	204	230	667	263	0	0	FULL	6	20558
442	199	176	2480	468	0	0	FULL	1	18098
312	173	288	13438	2000	0	0	FULL	1	26761
381	306	142	3976	250	0	0	FULL	1	22449
340	292	166	2458	448	0	0	FULL	1	20948
408	247	153	8897	1160	0	0	FULL	1	7811
299	166	312	14213	2600	0	0	FULL	1	20246
352	213	246	3811	250	0	0	FULL	2	276
328	248	191	10881	2000	45	50	FULL	3	19883
349	226	196	1581	426	0	0	FULL	1	18924
281	158	304	823	250	26	17	FULL	1	4582
400	257	180	11525	2000	0	0	FULL	2	24891
411	266	142	8556	882	0	0	ALL_EDGES	1	2103
247	166	303	12350	2000	0	0	FULL	2	32703
302	233	263	15632	2000	28	27	FULL	1	30132
238	180	290	887	364	0	0	FULL	3	15991
279	254	205	11310	2000	32	26	ALL_EDGES	3	14859
303	222	186	575	250	29	30	ALL_EDGES	2	5199
339	222	166	8112	2000	18	19	ALL_EDGES	1	30551
463	271	147	9823	1124	10	8	FULL	3	26642
433	233	123	6312	1094	0	0	FULL	1	8566
319	304	170	4999	1000	20	16	FULL	1	19478
348	244	206	12372	2000	19	24	ALL_EDGES	2	4266
244	170	324	1552	616	23	33	FULL	1	6581
440	333	133	5440	978	13	23	ALL_EDGES	2	4762
361	241	189	2062	421	20	21	FULL	1	6409
224	153	365	1712	674	0	0	ALL_EDGES	2	22163
286	255	186	9963	2000	22	25	FULL	4	10967
341	230	159	7925	2000	0	0	FULL	2	5216
476	407	101	6591	1135	0	0	FULL	1	17939
279	200	244	11407	2000	0	0	FULL	1	17777
455	253	143	8728	850	0	0	FULL	3	14036
341	160	229	9375	2000	0	0	FULL	6	23902
315	177	260	11933	2000	0	0	FULL	1	29538
290	218	309	1092	250	0	0	FULL	1	157
294	221	254	13876	2000	27	32	FULL	5	12179
343	206	221	1829	619	0	0	FULL	3	24204
500	258	143	3996	970	11	16	FULL	1	20617
479	225	144	8029	835	0	0	FULL	1	17706
312	303	154	9425	2000	16	19	FULL	2	11899
357	160	237	10057	2000	0	0	ALL_EDGES	1	30082
407	301	110	6655	844	39	41	FULL	1	14319
425	309	149	10822	1117	8	9	FULL	2	25144
343	284	139	8019	881	35	39	FULL	1	9465
379	245	188	6702	250	0	0	FULL	2	8716
339	236	249	1100	296	29	25	FULL	2	2501
407	260	175	11303	1200	17	19	FULL	5	2525
330	217	175	8400	2448	19	22	FULL	1	523
392	252	157	2278	731	5	6	FULL	2	2786
498	429	87	7455	412	0	0	ALL_EDGES	1	13449
309	186	233	10665	2000	23	28	FULL	2	9031
294	272	194	1782	250	38	42	FULL	2	29384
418	231	150	2450	471	0	0	FULL	1	29828
