270	223	141	5678	2000	19	18	FULL	2	22203
233	201	159	5655	2000	0	0	FULL	2	2692
284	210	127	4650	2000	0	0	FULL	2	15412
254	152	168	4836	2000	36	37	FULL	2	5887
277	139	246	3306	1152	24	23	FULL	1	27182
494	326	71	4255	627	0	0	FULL	5	30226
378	257	88	2448	964	0	0	ALL_EDGES	2	9926
396	230	126	3093	927	0	0	FULL	4	10547
212	152	233	4155	1482	24	21	FULL	5	12836
330	266	97	3051	1185	0	0	FULL	2	2479
236	144	279	1776	489	0	0	FULL	1	3023
250	207	165	6315	2000	33	38	FULL	1	12389
237	200	179	6715	2000	0	0	FULL	4	13909
375	213	106	4275	1103	11	14	FULL	1	1486
282	226	180	8406	2000	0	0	FULL	1	25341
298	235	121	5057	1172	8	7	FULL	2	22252
316	294	81	2107	1144	0	0	FULL	2	26674
251	221	136	5085	2000	20	16	FULL	2	22809
310	198	122	4387	1161	0	0	FULL	2	10338
280	211	144	926	584	19	23	FULL	1	26027
258	159	281	1943	779	0	0	FULL	5	7086
254	169	174	5670	612	37	39	FULL	4	30455
307	232	119	637	339	0	0	FULL	1	8127
229	152	159	4180	2000	0	0	FULL	1	2472
368	201	156	6969	897	42	47	FULL	2	29817
344	267	126	6520	1141	0	0	FULL	4	18766
242	125	281	8185	2000	36	36	FULL	2	20214
203	119	186	3888	2000	11	3	FULL	1	13223
356	211	159	2412	892	18	18	ALL_EDGES	2	32742
244	156	222	986	390	0	0	FULL	1	19291
180	124	201	4257	2000	0	0	FULL	2	3073
227	156	297	924	250	0	0	FULL	1	29802
324	211	124	1530	250	0	0	ALL_EDGES	1	1303
203	147	151	3537	2000	0	0	FULL	2	18532
418	241	94	4313	1033	0	0	FULL	1	26845
270	197	159	6001	1190	0	0	FULL	1	1925
241	109	132	2387	2000	21	24	ALL_EDGES	1	1887
448	245	105	5301	1000	0	0	FULL	2	14892
326	240	134	1596	573	6	7	FULL	2	13385
308	240	155	7544	2000	0	0	FULL	1	10624
466	230	89	3990	427	15	14	FULL	2	15236
347	162	133	4342	2108	24	17	FULL	3	29555
336	290	118	6394	1152	0	0	FULL	5	32681
249	156	297	609	250	24	26	FULL	1	9063
245	186	164	5602	2000	37	42	FULL	3	5452
305	196	125	4485	1186	0	0	ALL_EDGES	1	4905
244	175	106	2758	892	13	11	FULL	1	22857
374	219	103	4233	1053	18	20	FULL	1	5577
276	210	181	7780	2000	0	0	FULL	1	2811
223	152	221	1065	435	4	3	FULL	1	17692
329	203	127	4930	882	14	18	FULL	1	28802
386	277	108	5750	1045	5	7	FULL	2	17472
311	213	158	1375	250	0	0	FULL	1	11346
430	247	80	3527	763	16	16	FULL	1	25895
234	161	199	1627	984	24	29	FULL	1	5783
277	198	209	1000	389	0	0	ALL_EDGES	1	13446
232	196	264	11448	2000	0	0	ALL_EDGES	1	2925
275	189	145	1005	430	21	18	FULL	2	22003
287	215	186	793	324	0	0	FULL	2	30940
303	238	159	7705	2306	0	0	FULL	1	15779
350	177	169	6762	2000	0	0	FULL	2	29322
375	305	74	3629	900	0	0	FULL	2	11081
271	170	120	731	250	0	0	FULL	2	19352
403	201	142	1909	628	0	0	FULL	2	15738
238	197	96	2668	1146	0	0	FULL	4	26401
335	283	111	2058	492	0	0	FULL	1	5498
342	242	115	3676	1241	15	10	FULL	2	15557
428	231	116	1690	569	0	0	ALL_EDGES	1	29211
322	236	112	2371	1137	0	0	FULL	1	15955
313	207	178	1115	572	22	24	FULL	2	16428
214	142	148	3411	2000	25	22	FULL	5	24066
298	178	85	1350	1258	0	0	FULL	1	25478
253	151	117	2844	2000	0	0	FULL	3	28961
256	179	185	612	476	31	30	FULL	2	31399
293	195	149	5601	2000	0	0	FULL	1	18287
302	261	146	2898	580	12	15	FULL	1	4761
294	239	150	1239	479	40	42	FULL	3	24717
284	205	180	7665	2000	0	0	FULL	5	8183
196	148	155	450	250	0	0	FULL	2	31045
252	210	142	5175	2600	4	3	FULL	3	29772
375	246	114	2278	250	11	9	FULL	1	4470
346	196	126	4794	1150	9	8	FULL	2	12672
284	233	128	773	361	15	12	FULL	1	29783
359	180	131	1802	539	0	0	FULL	1	9921
272	159	104	2605	1154	8	11	FULL	1	15007
291	228	128	5236	912	0	0	FULL	4	15386
277	276	150	7808	2000	23	21	FULL	5	12597
418	202	124	5397	1061	0	0	FULL	5	25859
194	138	167	3780	1238	0	0	FULL	1	2495
263	155	185	1762	541	27	35	FULL	1	25953
346	231	119	5234	1101	0	0	FULL	2	29057
260	184	179	6434	2000	32	35	FULL	2	26360
284	194	192	7885	2000	0	0	FULL	9	23940
214	158	133	1903	805	20	20	FULL	1	18753
341	295	114	3070	1097	0	0	FULL	2	18395
232	158	122	459	380	0	0	FULL	1	24428
314	166	221	954	250	32	31	FULL	3	16582
324	249	105	1725	899	0	0	FULL	2	26720
351	155	175	1814	250	0	0	FULL	1	21579
228	167	197	6307	2000	0	0	FULL	1	2970
278	207	182	829	490	32	33	FULL	1	19735
268	168	190	731	386	0	0	FULL	1	16637
218	182	215	7599	1260	0	0	FULL	3	873
453	235	70	2865	488	0	0	FULL	1	22325
232	161	174	5128	2000	32	32	FULL	1	24136
296	184	101	973	666	8	7	FULL	1	4893
304	234	120	4981	492	9	15	FULL	6	31713
431	281	95	5163	1016	4	3	FULL	4	18195
349	233	105	4394	860	17	18	FULL	2	6548
325	201	115	1252	604	0	0	FULL	1	22021
289	219	181	8337	2000	41	42	FULL	1	24844
382	252	88	1963	1012	16	21	ALL_EDGES	1	13034
423	282	71	3366	663	0	0	FULL	2	14935
363	231	113	4997	823	14	21	FULL	3	6896
281	203	149	5703	2000	22	20	ALL_EDGES	1	31139
261	236	137	1980	544	19	17	FULL	1	19492
265	208	118	188	331	0	0	FULL	2	8021
285	177	188	7058	1257	32	32	FULL	2	27736
315	312	117	6566	1134	0	0	FULL	1	23621
299	160	157	5010	2600	19	23	FULL	2	20027
302	179	101	2992	1105	25	31	FULL	1	28415
287	213	187	8498	2000	24	21	FULL	2	6683
311	205	164	7045	2600	0	0	FULL	2	24990
321	209	171	7751	1800	19	20	FULL	1	4954
235	187	171	2355	260	0	0	FULL	1	16518
342	208	106	3930	1581	0	0	FULL	4	21383
341	195	173	7567	2000	33	36	FULL	2	22664
212	171	97	2198	2000	16	17	FULL	1	6348
253	199	207	8620	1876	23	29	FULL	1	13547
244	137	255	7803	2000	0	0	FULL	1	32416
304	217	159	7003	2000	0	0	FULL	1	10273
290	235	168	8050	2000	0	0	FULL	3	28200
310	168	201	7738	2000	0	0	FULL	2	3101
216	117	179	3708	2000	0	0	FULL	2	20194
320	259	115	5329	1112	0	0	FULL	1	16741
367	181	158	6415	1176	10	14	FULL	1	19699
273	130	211	5992	2000	35	32	FULL	2	17073
281	173	175	6154	1187	20	16	FULL	2	26649
244	238	163	7096	2000	0	0	FULL	7	29506
400	280	94	3066	967	0	0	ALL_EDGES	2	12363
336	187	167	2079	494	10	8	ALL_EDGES	1	1432
234	175	184	6045	2000	19	19	FULL	3	17455
247	180	235	9240	2000	2	1	FULL	4	8100
263	196	145	5137	2000	0	0	FULL	3	1466
265	226	142	5729	2000	0	0	FULL	1	3213
243	177	152	4712	1224	36	40	ALL_EDGES	2	18769
287	202	130	4687	2000	16	14	FULL	2	23435
188	148	233	6448	2000	0	0	FULL	3	6506
290	199	181	7612	1211	0	0	FULL	3	16462
450	238	98	4693	994	16	18	FULL	2	1880
241	163	115	2875	2000	17	17	FULL	2	590
286	208	160	6555	1231	29	29	FULL	1	13001
270	172	162	1432	500	9	12	FULL	2	13270
274	161	148	819	365	0	0	FULL	1	987
244	155	198	6135	2000	25	25	FULL	1	4035
277	185	167	6052	2000	23	28	FULL	5	27093
421	233	97	4351	1018	15	17	FULL	2	3370
264	219	130	4875	2000	28	27	FULL	1	25636
248	132	138	3091	2000	0	0	FULL	7	11004
349	249	86	2302	1051	14	14	FULL	1	17391
261	161	225	7989	2000	0	0	ALL_EDGES	2	19352
283	245	94	3523	1137	0	0	FULL	1	13914
348	177	187	1886	250	0	0	ALL_EDGES	1	29421
251	213	122	1287	695	18	15	FULL	1	25381
262	195	167	6222	2000	24	26	FULL	2	29241
292	224	160	7161	2000	0	0	FULL	5	3675
240	210	187	3724	742	27	32	FULL	2	18136
320	258	115	5348	1171	17	21	FULL	1	30523
258	174	234	1680	459	0	0	FULL	2	3303
266	174	184	6460	2000	9	10	FULL	2	9158
272	142	116	688	749	6	10	FULL	4	23258
247	195	177	2040	250	25	26	FULL	1	32665
269	186	209	8410	2000	33	35	FULL	3	29411
393	226	130	6221	875	0	0	FULL	1	30872
236	167	216	7344	2000	0	0	FULL	3	10738
264	223	145	2337	695	0	0	FULL	4	19172
315	198	184	8084	2000	0	0	FULL	1	22117
239	185	170	5775	2000	0	0	FULL	2	19080
328	281	115	1501	535	4	2	FULL	3	10791
236	133	302	2584	250	13	17	FULL	3	16176
230	163	172	5115	2000	0	0	FULL	8	20857
318	211	142	1634	465	0	0	FULL	2	15903
249	146	288	10090	1492	0	0	FULL	1	15155
387	168	177	7222	2000	0	0	FULL	1	27229
285	197	152	5729	2291	0	0	FULL	1	1441
252	198	171	6400	2000	0	0	FULL	1	12438
182	160	188	5016	2000	0	0	FULL	5	23174
419	277	90	1123	250	0	0	FULL	2	19279
297	248	142	6730	2000	10	13	FULL	1	13014
321	239	150	7279	2000	0	0	FULL	2	18839
253	194	195	7571	2000	24	25	ALL_EDGES	2	31374
338	211	147	6447	911	0	0	FULL	8	14408
370	237	132	1955	481	0	0	FULL	6	17117
258	185	241	2645	562	23	22	FULL	1	18560
381	210	118	2185	803	0	0	FULL	5	7775
265	200	218	2794	1031	0	0	FULL	4	1890
222	165	178	5278	2000	0	0	FULL	2	8216
234	140	261	8041	2000	0	0	FULL	2	15225
344	202	166	1564	415	0	0	FULL	5	7476
226	194	171	645	351	0	0	FULL	3	15984
299	220	174	1414	250	0	0	ALL_EDGES	2	19097
263	183	73	1746	831	0	0	FULL	4	26289
289	221	181	8337	2000	0	0	FULL	1	23184
286	160	208	2099	250	23	29	FULL	2	13021
248	189	96	922	513	10	14	FULL	2	26311
322	194	152	6051	2600	0	0	FULL	1	3984
267	218	181	2310	415	0	0	FULL	2	2388
264	170	189	6562	2000	0	0	FULL	6	22043
341	223	151	7118	2000	18	21	ALL_EDGES	2	17196
318	222	163	4715	1362	18	14	FULL	7	12301
317	204	147	5994	2000	16	14	FULL	1	26305
303	220	98	3477	837	11	16	FULL	1	7277
353	211	141	6195	1178	0	0	ALL_EDGES	1	21665
300	183	209	2668	250	0	0	FULL	3	18886
268	219	161	2527	1140	20	18	FULL	2	2234
289	206	176	1585	250	0	0	FULL	1	141
372	276	93	2707	1182	13	14	FULL	6	22353
240	165	189	6045	2000	0	0	ALL_EDGES	1	31107
283	168	222	1228	398	39	42	FULL	2	20840
221	189	226	8635	2000	0	0	FULL	6	15512
231	137	236	6810	2000	30	35	FULL	1	16499
415	230	100	4436	785	14	17	FULL	1	9033
437	193	137	6060	849	0	0	FULL	2	27838
303	176	216	8855	1270	31	33	FULL	1	11442
284	142	186	360	267	0	0	FULL	1	17875
291	176	127	1449	250	11	10	FULL	3	30412
326	228	154	7337	2000	0	0	FULL	1	23651
235	154	206	765	375	26	27	FULL	1	26103
226	163	203	6427	2600	20	23	FULL	1	11320
347	233	117	1634	465	0	0	FULL	3	31976
323	202	185	732	441	21	18	FULL	1	10236
380	251	79	3277	773	0	0	ALL_EDGES	1	22253
294	251	156	7728	1091	0	0	FULL	2	26747
227	141	267	1751	948	23	21	FULL	1	21739
322	195	184	1207	426	36	35	FULL	1	26516
214	137	326	10364	2000	39	38	FULL	5	5497
299	284	135	7187	2600	0	0	FULL	2	12164
310	174	177	1957	250	0	0	FULL	1	19638
182	128	234	1254	281	0	0	FULL	1	4890
288	249	105	4237	1117	0	0	FULL	1	11628
331	170	213	8808	2000	0	0	FULL	2	20373
287	174	171	680	339	0	0	FULL	3	31866
318	155	173	5780	2158	0	0	FULL	3	4673
280	199	188	7864	1235	27	25	FULL	1	3137
240	196	243	10407	2000	0	0	FULL	1	26126
315	224	106	4095	1141	0	0	FULL	2	19736
236	153	234	7624	2000	0	0	FULL	1	7347
277	192	179	959	250	0	0	FULL	1	24435
312	190	160	6289	2000	19	22	FULL	1	13313
269	139	199	5872	2000	0	0	ALL_EDGES	2	13343
354	219	84	3016	1025	0	0	FULL	2	9319
302	212	149	6175	2000	0	0	FULL	1	29860
241	182	261	2185	250	0	0	FULL	1	16456
285	267	151	7728	1162	0	0	FULL	5	23772
323	191	186	2185	250	0	0	FULL	1	30299
329	193	119	1222	619	7	8	FULL	1	8595
349	182	118	4102	1120	0	0	ALL_EDGES	2	24734
263	208	209	966	355	0	0	FULL	2	15220
376	202	138	5964	1165	12	15	FULL	1	6750
194	137	169	3798	2000	26	30	FULL	1	10184
303	228	123	5040	1193	13	10	FULL	1	24228
222	188	180	6120	2104	0	0	FULL	1	32036
400	241	124	6312	1085	0	0	FULL	1	31619
339	233	145	2024	344	0	0	FULL	1	22089
417	316	80	1848	479	0	0	FULL	2	25736
237	197	160	5632	2000	0	0	FULL	1	8552
219	202	239	2320	533	0	0	FULL	2	7843
268	158	201	6698	2600	22	29	FULL	1	6373
305	217	128	1878	948	0	0	FULL	4	13073
319	167	141	4627	2000	6	9	FULL	3	23396
291	157	185	6213	2000	23	25	FULL	2	8573
296	201	143	5465	2000	9	9	FULL	1	1643
285	220	135	5431	1169	2	7	FULL	8	15095
375	224	125	5712	851	0	0	FULL	2	23335
240	244	146	1173	250	0	0	ALL_EDGES	2	23188
248	160	139	3789	2000	28	25	FULL	1	21147
281	180	167	6026	2000	0	0	FULL	1	13894
250	160	112	1089	250	0	0	FULL	1	10935
267	166	238	3811	250	0	0	FULL	5	17793
308	192	194	8360	1228	0	0	FULL	2	20489
347	247	135	6693	912	0	0	FULL	1	13881
317	208	175	7877	2000	21	20	FULL	1	6948
271	177	177	1326	544	0	0	FULL	3	17258
292	197	130	1987	579	14	15	FULL	1	13478
299	197	162	6450	2000	0	0	FULL	1	2841
266	143	277	9628	2000	0	0	FULL	1	13250
268	181	134	1553	848	18	22	FULL	3	22518
257	172	215	4512	1400	20	20	FULL	2	14630
204	136	125	2516	2000	0	0	FULL	6	14756
287	181	221	9165	2000	0	0	ALL_EDGES	7	19355
226	122	272	7342	2000	0	0	ALL_EDGES	1	10512
168	111	189	3321	1968	0	0	FULL	2	14297
352	235	103	4343	1069	11	13	FULL	1	4620
258	189	92	2515	2000	0	0	ALL_EDGES	2	26979
361	193	150	4851	895	0	0	FULL	1	23939
284	148	250	8904	2151	29	25	FULL	1	26513
221	201	101	2821	2000	0	0	FULL	1	13690
259	174	122	1067	488	0	0	FULL	1	15822
397	269	113	6048	851	0	0	ALL_EDGES	2	14275
261	227	127	4845	605	0	0	FULL	4	875
287	253	166	936	250	21	26	FULL	2	21475
235	148	215	225	285	0	0	ALL_EDGES	2	13132
244	153	256	8740	2000	24	24	FULL	1	12476
237	196	204	627	452	30	34	FULL	1	32037
277	102	159	3136	2000	19	14	FULL	1	17779
267	198	142	375	351	0	0	FULL	1	7904
338	221	154	2070	841	18	23	FULL	2	13715
311	248	110	4734	1131	9	7	FULL	1	18748
267	199	141	5040	2000	0	0	FULL	1	22990
244	190	248	10430	2000	26	25	FULL	1	29503
307	165	168	5788	1190	20	16	FULL	1	14038
358	225	149	7224	886	0	0	FULL	3	31569
335	215	160	7371	2000	14	15	FULL	2	20703
344	217	128	5415	1133	0	0	ALL_EDGES	2	7501
321	173	154	5448	609	0	0	FULL	2	29913
229	208	178	6808	2000	32	33	FULL	1	15072
329	258	88	3682	1067	16	15	FULL	2	28430
245	189	119	3542	2000	0	0	FULL	1	24667
246	138	252	7726	2000	0	0	FULL	1	26810
300	159	241	793	335	27	33	FULL	1	3314
314	146	164	5002	2000	0	0	FULL	1	10704
278	177	193	7220	1215	0	0	FULL	3	12696
221	202	169	5962	2000	27	25	FULL	2	13644
324	211	125	4930	864	0	0	FULL	1	12050
290	210	106	500	479	0	0	FULL	2	32744
248	233	164	7077	2000	29	33	FULL	2	8971
303	183	136	4657	2000	0	0	FULL	1	15039
395	259	83	3400	372	0	0	FULL	3	17661
304	212	178	8096	1725	26	24	FULL	3	7228
228	200	99	603	532	0	0	FULL	4	19698
305	219	142	6023	2000	0	0	FULL	1	32194
318	285	116	2898	1150	13	14	FULL	3	22669
204	158	140	3406	1239	0	0	FULL	12	9034
341	291	105	5502	830	0	0	FULL	4	23805
252	179	122	2546	1249	0	0	ALL_EDGES	6	27318
327	188	186	1092	610	25	29	FULL	2	29271
301	190	166	6507	1168	0	0	FULL	1	19438
287	246	149	6982	2000	0	0	FULL	1	17762
257	182	181	561	461	30	31	FULL	1	22247
337	271	104	4968	1104	0	0	FULL	2	412
324	282	126	1817	749	14	17	FULL	3	31830
260	187	93	2524	1158	0	0	FULL	4	19216
292	150	103	2502	841	0	0	FULL	1	30164
293	202	160	1586	472	0	0	FULL	1	2206
266	155	109	724	775	0	0	ALL_EDGES	3	15325
244	168	110	1476	250	0	0	FULL	5	11835
333	239	132	6174	1141	0	0	FULL	5	18041
231	194	256	2139	406	24	30	FULL	1	11130
274	194	198	8148	2000	0	0	FULL	3	10443
222	127	232	1475	967	0	0	FULL	1	18486
280	229	117	337	311	29	30	FULL	2	16682
285	184	162	5890	2000	22	23	FULL	2	2161
287	200	149	5652	2000	0	0	FULL	1	22844
242	190	249	10476	1266	26	32	FULL	1	4404
334	209	79	2552	1004	0	0	FULL	2	14236
203	168	280	9899	2000	22	30	FULL	3	27056
399	229	104	4598	1070	38	41	ALL_EDGES	1	6432
275	284	148	2610	990	0	0	FULL	4	31881
356	207	129	5358	1126	0	0	FULL	2	217
265	163	266	10361	2000	21	22	FULL	2	4319
282	202	202	908	502	32	33	FULL	2	13793
437	229	95	4237	983	0	0	FULL	2	26457
276	182	229	4358	250	26	27	ALL_EDGES	3	20410
231	198	185	484	435	0	0	FULL	3	17658
367	266	97	2327	250	0	0	FULL	1	22884
264	159	178	5632	2000	0	0	FULL	7	24475
304	239	158	7647	2000	0	0	FULL	1	15525
314	257	142	7187	2000	13	13	FULL	2	18561
268	188	89	801	250	0	0	FULL	1	15853
359	297	108	3611	1292	0	0	FULL	2	21565
273	222	124	4687	2000	15	16	FULL	3	10052
274	152	228	2308	250	0	0	FULL	1	21917
260	164	269	2794	824	27	29	ALL_EDGES	1	16000
223	171	196	6360	2000	21	17	FULL	2	1188
332	308	73	3367	805	0	0	FULL	3	16299
312	228	147	6688	640	0	0	ALL_EDGES	2	26334
271	211	210	9588	2000	30	28	ALL_EDGES	1	20174
346	201	123	4743	2000	11	15	FULL	1	18198
277	224	169	7528	1183	0	0	FULL	1	21457
292	195	203	1196	388	35	32	FULL	2	3591
314	207	131	1759	250	0	0	ALL_EDGES	1	5632
269	111	152	3109	2000	0	0	ALL_EDGES	1	4257
336	296	86	4080	1043	12	8	FULL	2	14348
221	173	145	4075	2000	5	2	FULL	2	14580
363	288	110	5968	1110	0	0	FULL	2	15210
365	256	102	4750	1099	0	0	ALL_EDGES	2	30138
221	166	123	3091	425	21	25	FULL	2	28149
246	148	233	7463	1305	0	0	FULL	1	21759
318	209	173	7808	1225	0	0	FULL	1	32531
238	172	159	4855	1259	23	24	FULL	1	11325
324	238	123	1966	520	0	0	FULL	2	16270
258	193	110	3344	1209	0	0	FULL	3	11638
288	214	121	4530	896	18	15	FULL	4	16163
265	126	195	5083	2000	0	0	FULL	7	24363
188	144	240	6545	2000	5	2	FULL	4	5430
235	189	270	11496	1338	21	25	FULL	3	30429
382	395	76	4933	250	15	22	FULL	3	24156
235	188	125	3701	2000	0	0	CORNERS	5	10950
265	235	121	4710	2000	4	13	FULL	1	505
312	221	123	1377	609	7	7	FULL	1	124
265	155	279	5071	1079	0	0	FULL	2	22277
359	189	140	1624	250	0	0	FULL	1	15518
300	218	176	8096	2000	0	0	FULL	4	17986
166	142	148	185	330	30	35	FULL	3	3169
168	160	280	8535	1900	0	0	ALL_EDGES	1	28876
194	144	162	3726	1095	0	0	FULL	3	25762
233	205	156	5617	2000	0	0	FULL	2	22993
316	205	85	2711	835	0	0	FULL	1	27597
200	118	190	3951	1266	0	0	FULL	1	29865
323	191	186	8027	2000	23	21	FULL	2	28050
325	182	195	8176	2000	22	26	FULL	1	32210
301	187	116	3770	873	0	0	FULL	1	8832
245	153	225	7352	2000	0	0	FULL	3	28448
365	221	118	5082	1084	0	0	FULL	2	30282
236	200	244	2944	558	22	22	FULL	1	15083
256	181	206	7723	2000	0	0	FULL	2	5981
346	256	51	1678	250	0	0	FULL	1	6994
314	193	172	7161	2000	0	0	FULL	4	12376
257	184	180	2159	432	0	0	FULL	1	27696
245	169	133	3740	2000	28	33	FULL	1	6915
264	204	159	994	250	39	43	FULL	3	31268
324	260	137	2656	1031	0	0	ALL_EDGES	2	4554
243	205	231	2208	386	27	33	FULL	1	25760
320	232	128	5614	1179	4	8	FULL	1	25294
333	281	123	6555	1156	0	0	FULL	2	12797
220	170	227	7760	678	23	25	FULL	1	31927
435	294	90	1828	250	0	0	FULL	5	27686
279	173	135	3523	1259	0	0	FULL	1	27695
324	208	171	1656	443	24	23	FULL	3	1571
453	229	82	3493	250	46	47	FULL	3	21867
304	271	139	885	950	16	19	FULL	1	14845
253	161	161	4745	2000	36	38	FULL	1	13858
452	285	81	4294	519	0	0	FULL	1	10829
223	168	120	3046	2000	0	0	ALL_EDGES	2	29576
222	169	306	1633	250	0	0	FULL	2	19676
285	243	123	1207	699	0	0	FULL	3	12417
250	126	301	3914	1570	23	28	FULL	2	140
271	150	210	6800	2000	0	0	FULL	2	28617
357	192	154	6405	1188	0	0	FULL	2	15604
267	181	154	5242	2000	0	0	FULL	3	8276
240	175	107	2790	2000	0	0	FULL	1	9880
300	182	155	5644	2000	0	0	ALL_EDGES	2	29814
275	256	121	612	339	0	0	FULL	1	28610
318	208	158	1323	250	0	0	FULL	2	15243
165	161	283	8640	2000	0	0	FULL	2	4771
254	192	133	4342	2000	21	16	FULL	2	25752
320	160	167	5669	2000	0	0	FULL	3	8342
177	126	202	4297	2000	25	27	FULL	1	9763
352	127	235	7843	1222	0	0	FULL	1	20141
250	220	154	1751	718	0	0	FULL	1	10295
328	223	164	1500	670	0	0	FULL	1	17974
248	190	181	6621	2000	0	0	FULL	3	12830
267	155	277	10522	1119	27	26	FULL	4	13888
327	217	119	2193	576	12	11	FULL	2	19421
241	223	140	592	250	22	25	FULL	3	26245
233	195	186	6893	2000	0	0	FULL	2	24205
274	200	136	1065	559	4	4	FULL	1	16839
217	196	224	8673	2000	24	25	FULL	1	32226
262	264	138	1016	576	0	0	FULL	2	30219
198	131	173	3807	2000	0	0	FULL	1	13526
347	215	141	6237	1170	0	0	CORNERS	2	8376
299	258	124	5700	1188	0	0	FULL	1	19686
290	217	151	6336	2000	19	20	FULL	3	25947
267	185	214	1344	250	20	27	FULL	2	2006
261	174	231	8925	2600	30	32	FULL	1	2719
465	227	109	2254	250	10	0	FULL	3	652
278	204	150	5763	2000	0	0	FULL	1	8370
272	163	236	8851	2000	0	0	ALL_EDGES	1	30012
262	178	162	5400	1224	20	24	FULL	7	392
299	217	147	6165	2000	15	13	FULL	2	16817
312	250	121	5538	892	9	10	ALL_EDGES	4	25550
270	178	241	9809	1340	11	14	FULL	1	1806
269	185	210	8431	2000	0	0	FULL	1	4378
229	159	123	1017	250	19	17	FULL	2	16398
296	263	123	5700	912	0	0	FULL	1	97
320	211	170	1334	250	0	0	FULL	4	18203
228	187	221	8426	2000	24	24	FULL	1	13765
358	170	189	1587	422	0	0	FULL	1	26787
297	225	127	2303	924	15	18	FULL	2	28341
272	207	133	4860	2000	0	0	FULL	3	8349
279	205	148	5703	2000	0	0	FULL	7	8533
432	260	76	3434	250	0	0	FULL	1	24076
320	207	129	935	398	18	20	FULL	2	25902
302	210	182	4956	1441	21	20	ALL_EDGES	2	6213
351	303	90	4560	1075	15	9	FULL	3	30788
260	144	146	3795	2000	0	0	FULL	1	29357
270	236	180	8590	2000	0	0	FULL	1	17491
232	222	165	6528	1219	0	0	FULL	1	608
266	180	198	7467	2000	4	5	FULL	4	18987
220	146	141	891	1135	25	27	FULL	3	24132
242	111	166	3406	2000	24	29	FULL	1	6376
328	256	136	6911	2000	0	0	FULL	2	8428
286	191	212	9004	2190	0	0	FULL	2	8052
254	164	180	5760	2000	31	30	FULL	2	10941
297	187	99	2992	1138	0	0	FULL	4	6751
290	148	175	5340	2000	3	1	FULL	1	5055
300	209	120	4432	1202	0	0	FULL	1	31962
388	300	90	4830	1030	14	16	ALL_EDGES	1	2934
258	163	203	6842	2000	0	0	FULL	1	29990
236	198	118	495	542	0	0	FULL	1	17096
319	226	132	779	250	32	36	FULL	2	28936
153	102	285	1008	250	0	0	FULL	2	22503
259	158	255	9366	2000	0	0	FULL	2	16789
295	203	175	2593	836	0	0	ALL_EDGES	2	27991
299	260	154	5496	1254	19	19	FULL	2	32521
250	140	299	10248	2000	24	24	FULL	1	28972
255	188	177	527	323	30	36	ALL_EDGES	1	11510
315	175	136	4582	900	12	11	FULL	3	25838
278	183	187	1558	469	7	8	FULL	4	14092
231	137	237	6825	2000	0	0	FULL	1	11710
321	169	175	4218	2119	0	0	FULL	2	28280
260	139	316	3691	1314	21	24	FULL	2	13123
278	221	195	9156	2000	30	26	FULL	1	16214
224	177	164	578	381	33	36	FULL	1	15280
390	246	120	6003	2000	10	15	FULL	4	31666
277	243	142	6279	2000	19	15	FULL	3	30953
234	166	194	6180	2000	29	32	FULL	2	9067
268	145	244	8189	1247	20	16	FULL	2	27212
224	124	234	5967	2000	0	0	FULL	1	26280
378	231	97	4097	1046	5	1	FULL	1	8433
244	170	108	2785	2000	0	0	ALL_EDGES	1	27553
296	198	145	5499	2600	19	23	FULL	2	689
409	220	128	6060	832	11	16	FULL	3	30844
300	184	136	4680	1668	17	17	FULL	1	12323
319	237	86	3198	1058	0	0	FULL	1	3559
291	194	151	5652	2000	0	0	FULL	3	28405
307	241	115	4862	877	0	0	FULL	3	6523
232	225	183	7657	1223	30	30	FULL	3	18358
285	248	121	1844	518	0	0	FULL	8	26939
326	239	147	7187	2000	0	0	FULL	1	10977
394	293	104	2916	250	12	13	FULL	3	4403
211	139	358	1123	601	0	0	FULL	4	23901
324	285	103	5035	1112	26	31	FULL	2	2254
313	292	126	6819	1157	0	0	FULL	3	9374
257	185	137	741	612	24	26	FULL	7	27217
271	149	235	3296	250	0	0	FULL	2	11564
376	173	184	1872	458	6	8	FULL	2	23885
270	187	148	5122	2000	20	23	ALL_EDGES	1	12540
320	219	163	7601	2000	0	0	FULL	1	27448
304	256	134	6489	2000	14	15	FULL	1	16069
334	245	141	6946	439	15	15	FULL	1	3450
309	190	180	934	681	0	0	ALL_EDGES	1	5361
251	199	170	1147	688	0	0	FULL	1	13032
352	257	116	5680	1147	10	12	ALL_EDGES	4	16995
337	307	111	6221	832	0	0	FULL	2	31670
231	152	128	3082	2000	9	12	ALL_EDGES	3	18952
343	211	131	3296	1360	0	0	FULL	1	20192
312	266	138	7118	1887	16	18	FULL	1	30130
310	238	102	982	250	0	0	FULL	1	1347
275	161	101	985	526	0	0	FULL	2	7448
359	229	140	1782	773	0	0	FULL	1	14075
384	236	94	3995	1022	33	36	FULL	4	6832
278	224	184	8556	2000	24	25	FULL	4	17970
299	229	125	5117	877	0	0	FULL	1	5739
240	156	146	3938	2000	0	0	FULL	2	10206
346	228	146	6957	1182	0	0	FULL	2	29331
241	205	91	801	250	0	0	FULL	5	1968
249	178	214	3866	409	0	0	FULL	2	3088
340	165	152	5287	1811	0	0	FULL	2	1649
321	296	90	4250	1388	12	14	FULL	1	7762
248	137	132	864	496	19	17	FULL	2	19681
347	205	134	5519	882	0	0	FULL	1	28948
270	206	207	1069	364	0	0	FULL	1	8857
298	216	132	5261	2000	0	0	FULL	3	3877
431	297	82	4578	753	0	0	FULL	4	83
310	193	175	7255	2249	0	0	FULL	3	22292
261	141	122	972	538	0	0	FULL	2	10151
306	206	134	5227	1015	0	0	FULL	1	11465
317	246	109	4692	1125	0	0	FULL	5	32505
322	248	132	6258	874	7	14	ALL_EDGES	4	32405
240	182	149	4693	2000	26	25	FULL	1	10804
226	142	263	1445	615	0	0	FULL	3	14
273	209	184	7885	2000	0	0	FULL	12	11815
216	182	89	2093	1199	0	0	FULL	1	8361
288	187	139	3705	1197	16	19	FULL	1	24185
311	175	101	2948	829	11	12	FULL	2	23221
499	156	122	2574	250	0	0	FULL	2	21867
211	130	271	7567	2000	0	0	FULL	1	6484
227	119	276	7372	2000	22	21	FULL	4	26567
295	169	169	5924	1198	0	0	ALL_EDGES	1	22109
273	195	103	1072	721	0	0	FULL	2	946
223	131	324	1149	655	0	0	FULL	3	19073
349	267	123	6417	1143	23	19	FULL	1	11441
284	199	150	5703	2000	19	23	FULL	1	22774
223	177	190	315	250	28	30	FULL	7	26487
294	188	207	8797	2000	0	0	CORNERS	4	13807
421	287	70	1334	460	0	0	FULL	1	9193
262	198	220	3864	1149	0	0	FULL	1	8405
382	287	69	1627	758	17	19	FULL	1	1210
306	237	89	3321	1090	11	17	FULL	6	5574
273	203	81	2322	1106	35	35	FULL	1	17253
288	201	181	7633	2000	0	0	FULL	1	17620
269	186	170	688	355	0	0	FULL	1	5584
209	157	138	472	375	0	0	FULL	1	4085
339	212	146	6405	900	0	0	FULL	3	16704
343	224	149	7049	920	0	0	FULL	2	19480
229	158	180	5232	2000	21	22	FULL	4	7922
337	244	140	6900	1647	0	0	FULL	2	16193
213	192	209	892	383	0	0	FULL	2	5091
274	161	170	5407	2000	0	0	FULL	4	1548
344	243	138	6796	906	0	0	FULL	5	1042
228	143	324	504	315	22	24	ALL_EDGES	2	13946
321	237	158	7788	1150	18	23	FULL	3	6979
276	165	165	1312	250	24	22	CORNERS	2	897
185	162	249	7725	2000	0	0	ALL_EDGES	1	29906
224	112	298	1665	250	0	0	FULL	5	9928
275	204	188	2331	250	25	25	FULL	1	21463
257	194	211	1417	250	0	0	FULL	1	3435
299	189	186	745	340	0	0	FULL	1	10460
314	180	132	4530	869	0	0	FULL	1	5649
335	247	138	6888	1176	0	0	ALL_EDGES	1	19747
246	210	224	9901	2000	0	0	FULL	1	357
388	282	110	6048	1093	0	0	FULL	2	19080
306	179	138	4672	2000	0	0	FULL	1	18747
216	180	115	1633	337	19	21	FULL	1	9970
249	179	259	1357	441	25	26	FULL	1	13295
253	209	104	918	779	0	0	FULL	2	6331
234	140	257	654	356	0	0	FULL	1	18505
298	224	128	5176	1174	0	0	FULL	2	29780
268	240	180	2622	806	23	20	ALL_EDGES	1	26304
328	180	110	1183	250	9	11	ALL_EDGES	3	22143
333	290	99	1947	528	0	0	FULL	1	9129
258	171	261	10396	2000	23	25	FULL	3	27600
282	206	197	8774	2000	0	0	FULL	1	18890
428	267	92	3895	1220	16	14	FULL	2	29589
341	306	81	3952	816	0	0	FULL	5	13008
360	205	156	7049	1178	0	0	FULL	3	6896
328	227	181	9234	2000	29	28	FULL	4	10037
290	220	291	16668	2000	22	23	FULL	3	4217
468	288	137	4791	250	12	17	FULL	5	10439
416	316	126	4603	1183	13	10	FULL	1	17411
409	274	112	6187	1061	0	0	ALL_EDGES	3	26448
422	301	98	3612	1009	0	0	FULL	1	12590
289	238	183	9100	2000	26	26	FULL	1	31405
340	298	153	1379	250	33	35	FULL	5	11919
410	350	129	9768	1098	10	9	FULL	2	22414
351	267	144	2524	250	0	0	ALL_EDGES	1	5414
356	236	184	3317	748	18	14	FULL	1	23472
334	213	219	11470	2000	0	0	FULL	1	2771
317	183	233	283	250	26	25	FULL	2	11365
349	297	169	11287	2000	0	0	ALL_EDGES	3	29507
378	255	203	13182	2000	0	0	FULL	2	24133
323	256	151	7937	2000	13	17	FULL	3	2455
353	225	195	10617	2000	0	0	FULL	2	12603
362	247	185	10890	2000	0	0	ALL_EDGES	1	11726
311	197	253	12663	1279	30	30	FULL	4	29566
326	190	235	4132	1217	0	0	FULL	1	20921
265	216	235	648	308	0	0	FULL	1	7442
339	228	253	15327	2000	0	0	ALL_EDGES	2	2942
306	256	159	8325	2000	0	0	FULL	5	7022
273	184	247	10737	2000	0	0	FULL	2	21964
513	290	118	7997	1027	42	51	ALL_EDGES	4	30441
364	315	135	3456	250	11	14	FULL	1	6681
352	242	193	11269	2000	11	15	FULL	1	12652
326	235	215	3531	250	0	0	FULL	1	22095
330	291	182	11970	2000	0	0	FULL	1	19021
476	358	114	9087	1007	15	11	FULL	3	16470
344	298	170	3255	250	0	0	FULL	1	23108
375	267	125	6787	1182	0	0	FULL	1	22093
350	206	230	12226	2000	0	0	FULL	1	21109
371	262	180	3220	501	0	0	FULL	2	10397
436	264	134	8106	1126	0	0	ALL_EDGES	1	21075
413	305	155	11193	1149	0	0	FULL	2	26823
357	242	157	8316	876	0	0	FULL	2	3292
382	285	143	8881	1171	0	0	ALL_EDGES	1	12986
283	195	227	750	250	0	0	FULL	2	31611
469	437	81	2475	250	6	12	FULL	1	19638
412	211	212	6456	1435	0	0	FULL	2	1049
347	204	219	11299	2000	20	18	FULL	3	2492
239	194	290	13270	1294	0	0	FULL	2	26204
351	296	159	10312	2000	0	0	FULL	4	3039
311	170	236	1162	250	0	0	FULL	1	9212
327	195	227	1435	250	34	32	FULL	2	12802
364	208	231	12757	1201	0	0	FULL	2	31026
367	234	146	7350	1153	17	21	FULL	1	23186
360	225	191	3286	767	19	17	FULL	5	19190
238	200	326	16104	1257	24	26	FULL	1	29577
347	237	189	10540	2000	0	0	ALL_EDGES	3	27736
241	184	441	2047	250	0	0	FULL	3	17584
365	266	128	2250	491	0	0	ALL_EDGES	5	9987
332	224	221	2739	628	0	0	FULL	2	25159
336	202	229	11687	2000	28	34	FULL	2	1902
494	377	83	6153	263	17	20	FULL	2	7760
340	287	138	8032	1171	5	14	FULL	2	10537
339	235	233	5957	1277	0	0	ALL_EDGES	2	29221
412	343	138	10627	852	0	0	FULL	4	9636
291	229	218	1348	250	33	36	FULL	2	31881
559	349	79	5688	465	0	0	FULL	1	5316
270	169	275	11325	2000	26	31	FULL	6	28098
310	240	181	2268	620	0	0	FULL	3	25490
432	264	127	7438	1103	0	0	FULL	1	12021
344	266	181	2079	410	0	0	FULL	2	24156
298	221	267	14962	2000	0	0	FULL	5	20141
294	219	226	1131	352	0	0	FULL	3	26498
326	237	175	9126	2000	38	44	FULL	3	11807
367	298	133	8163	1160	16	17	FULL	7	23729
330	255	209	12757	2000	0	0	FULL	2	6124
374	160	259	11780	2000	0	0	FULL	2	19563
297	217	271	15102	2000	0	0	FULL	1	24584
314	201	198	9087	2600	27	24	FULL	1	30496
338	197	188	1700	250	0	0	FULL	2	6892
360	238	169	9222	2000	16	17	FULL	1	13150
430	294	115	7105	1034	0	0	FULL	8	26430
346	202	193	9288	2000	0	0	FULL	2	15645
410	250	122	6437	1073	0	0	FULL	4	24959
414	315	150	10998	1115	0	0	FULL	2	2875
289	201	302	16065	2000	27	39	FULL	1	16374
338	292	168	10758	2000	18	20	FULL	2	11817
368	289	146	2108	816	0	0	ALL_EDGES	3	32433
373	196	170	962	358	31	36	FULL	4	17325
388	264	152	7114	1171	0	0	FULL	4	15104
331	276	158	9280	2000	7	7	FULL	2	31021
380	217	151	3012	250	12	12	FULL	1	17437
309	205	243	12493	2000	27	27	FULL	3	22134
498	311	106	1782	617	0	0	FULL	6	24049
323	175	293	14190	2000	25	26	FULL	1	20113
317	208	250	13299	2000	32	32	FULL	1	27600
250	199	249	11225	2000	0	0	FULL	3	15692
395	274	161	2590	250	0	0	ALL_EDGES	2	28222
401	381	108	8118	818	15	11	FULL	1	15504
319	156	252	437	353	0	0	FULL	6	12821
329	202	279	15429	2000	31	36	FULL	3	23534
303	223	275	15910	2000	0	0	FULL	1	10363
501	299	90	5521	445	0	0	FULL	2	14691
434	257	139	4836	652	16	14	FULL	6	8177
328	188	317	17257	1256	28	25	FULL	2	24430
356	201	217	3177	250	19	22	FULL	1	28861
346	254	226	14800	2000	32	31	FULL	1	22114
378	181	257	2292	421	0	0	FULL	1	28174
280	254	217	4262	650	26	22	FULL	1	24208
280	228	257	14272	2000	0	0	FULL	4	18232
466	318	105	6324	1342	0	0	FULL	1	2154
425	277	149	9730	841	13	17	FULL	2	16456
302	253	163	8475	1562	20	22	FULL	3	3232
322	211	199	9747	2000	0	0	FULL	1	27557
377	266	164	10131	1179	16	16	FULL	2	5448
300	219	205	10192	546	0	0	FULL	4	2816
441	375	99	7491	784	0	0	FULL	1	3085
355	232	176	9439	2000	0	0	FULL	1	26075
263	197	299	14787	2000	0	0	FULL	2	7970
360	182	191	1525	475	0	0	FULL	2	3021
380	202	202	1131	477	19	24	FULL	4	4208
293	268	160	987	504	0	0	FULL	2	16209
361	234	184	10230	2000	19	21	FULL	2	26565
300	205	203	9400	2000	0	0	FULL	4	1294
310	243	218	2376	550	0	0	FULL	2	7567
379	256	140	2929	539	0	0	FULL	6	15829
379	302	145	9537	1164	13	16	FULL	1	23296
482	241	151	4515	250	0	0	ALL_EDGES	3	22229
301	216	207	10233	2000	0	0	ALL_EDGES	6	6981
334	241	205	11847	2000	0	0	FULL	1	22690
337	169	271	651	250	28	36	FULL	1	6681
367	300	178	12577	2000	0	0	FULL	2	29624
316	222	206	10701	2000	0	0	FULL	2	17229
499	353	111	8794	349	15	17	FULL	2	27585
296	203	207	9550	2000	0	0	FULL	1	10189
333	258	157	8599	2000	0	0	FULL	1	29818
417	350	106	7424	1032	14	10	FULL	3	8529
343	228	160	7912	2000	16	23	FULL	1	15099
260	240	201	9987	2185	0	0	FULL	1	13401
435	280	160	11095	1737	11	12	FULL	4	26571
456	232	165	9870	1127	0	0	ALL_EDGES	3	1554
316	252	195	11175	2000	34	33	FULL	1	27046
294	219	287	16465	2000	27	31	FULL	1	4651
389	267	149	8974	890	0	0	FULL	4	20498
339	283	194	1628	535	0	0	FULL	1	14528
398	260	168	10605	1218	0	0	FULL	1	22043
474	331	118	1757	378	0	0	FULL	4	28509
325	245	219	13125	2000	22	24	FULL	2	9506
328	323	147	9641	1195	0	0	FULL	4	22588
289	168	259	1912	563	0	0	FULL	2	24759
320	113	540	3861	250	0	0	FULL	2	20013
387	321	157	11563	1158	0	0	FULL	2	9340
378	332	159	12080	1217	5	8	FULL	1	27645
339	292	137	2281	802	8	11	FULL	3	27152
463	356	119	9379	1076	0	0	FULL	4	18284
417	301	159	3660	494	9	13	FULL	4	345
359	207	222	11896	2600	0	0	FULL	1	29939
383	283	143	8866	894	14	15	FULL	2	32114
309	206	306	4797	250	22	24	FULL	4	18648
270	162	285	11537	1297	25	25	FULL	3	7347
308	246	164	8425	1175	19	16	FULL	1	35
317	200	276	1155	332	30	32	FULL	4	2705
315	232	184	9490	2600	31	28	FULL	4	8678
323	214	210	10701	2000	0	0	FULL	4	3715
323	212	255	14122	1274	30	32	FULL	1	17156
453	282	121	5642	1430	0	0	FULL	3	447
308	175	269	12267	2000	0	0	FULL	1	14419
334	282	165	10090	2000	18	21	ALL_EDGES	3	20294
365	260	164	3534	823	0	0	FULL	1	17718
432	305	110	1928	661	0	0	FULL	3	13669
314	219	196	3739	632	0	0	FULL	2	629
387	183	219	10741	2000	21	24	FULL	6	29484
378	199	246	925	266	23	24	FULL	5	17294
327	254	174	1522	394	0	0	FULL	1	20970
399	227	160	8569	1179	0	0	FULL	1	28512
246	177	356	16523	2000	20	28	FULL	1	2229
580	317	95	5582	662	17	25	FULL	1	29189
368	283	158	10065	1211	14	12	ALL_EDGES	1	15346
469	308	128	5846	665	14	19	FULL	5	19186
361	299	125	7452	1102	0	0	FULL	2	2588
406	278	128	7685	1123	0	0	FULL	2	1016
377	237	173	9749	2000	14	14	FULL	2	10924
336	227	203	3131	499	21	25	FULL	2	6120
289	237	183	9125	2000	0	0	FULL	2	30370
294	201	211	3150	896	0	0	FULL	2	10832
302	235	218	11997	2000	6	9	FULL	2	6053
352	211	182	2187	771	19	23	FULL	1	9848
387	254	198	7975	1626	16	18	FULL	3	23659
371	329	103	5112	1305	0	0	FULL	1	32395
350	282	158	9656	2000	13	14	FULL	3	29825
304	214	193	9125	1028	0	0	SHORT_EDGES	1	14274
251	199	310	15360	2000	0	0	FULL	1	200
439	181	220	11462	2000	0	0	FULL	4	5427
345	253	178	2402	587	6	9	FULL	1	4504
328	261	205	1295	290	21	25	ALL_EDGES	5	9161
282	187	292	14167	2000	22	23	FULL	2	3893
278	169	308	1145	551	0	0	FULL	1	24463
348	240	186	10447	2000	19	19	FULL	1	3166
321	179	234	1296	367	0	0	ALL_EDGES	1	7678
335	187	311	916	317	0	0	FULL	2	5458
418	271	172	1092	328	0	0	FULL	3	30537
333	200	247	12936	1226	0	0	FULL	2	25222
282	213	258	13376	2000	0	0	FULL	1	6760
388	267	149	8990	1190	9	11	FULL	1	6720
365	176	210	9423	2000	0	0	FULL	2	28789
359	325	133	4851	1048	0	0	FULL	2	19350
366	308	138	8897	1161	0	0	FULL	1	20054
460	295	129	8767	841	0	0	FULL	1	16976
311	213	188	1475	250	0	0	FULL	2	10710
429	314	137	3552	899	0	0	FULL	1	8029
321	272	213	13764	2000	0	0	FULL	1	14281
373	278	139	8294	877	14	13	FULL	4	32122
252	180	342	3146	339	0	0	FULL	4	11102
455	302	142	10276	1119	33	31	FULL	1	18309
347	222	214	3679	250	11	11	FULL	2	1916
377	215	203	2359	716	0	0	ALL_EDGES	3	12083
466	310	121	5092	963	13	10	FULL	3	17215
356	274	129	7037	889	19	25	FULL	8	25947
282	196	279	2511	471	7	10	FULL	1	4381
452	344	112	8312	1048	29	32	ALL_EDGES	1	8835
413	230	206	12733	2000	0	0	FULL	2	21637
242	207	251	11437	2000	0	0	ALL_EDGES	1	89
415	309	129	676	337	16	19	FULL	1	17223
350	223	236	13893	2000	0	0	ALL_EDGES	4	18237
337	228	202	2805	819	0	0	ALL_EDGES	8	26866
375	306	152	10412	873	0	0	FULL	4	6346
305	239	200	10730	1138	0	0	FULL	2	31181
278	177	275	12082	2000	0	0	FULL	1	30448
345	232	157	7825	2000	0	0	FULL	3	28408
416	322	101	3969	642	0	0	ALL_EDGES	1	2908
426	241	171	2852	776	0	0	FULL	2	2502
347	257	173	10137	1314	0	0	FULL	1	1679
322	248	168	1660	250	19	24	ALL_EDGES	1	3694
341	213	185	9180	2000	0	0	FULL	1	11204
501	231	160	9842	1136	11	13	FULL	1	21516
302	206	201	9312	2000	0	0	FULL	1	26034
367	325	130	8649	1143	0	0	FULL	1	19407
404	275	139	8540	1135	11	10	CORNERS	1	3291
296	187	244	11110	2000	20	27	FULL	1	31792
297	238	178	8875	2000	0	0	FULL	3	4414
348	271	154	8961	2000	0	0	FULL	1	15048
400	254	192	12538	2000	0	0	FULL	3	15785
402	276	176	8346	1673	16	21	ALL_EDGES	1	7278
394	204	193	4247	1158	0	0	FULL	1	13550
369	282	149	9191	1181	0	0	FULL	3	22978
379	239	149	2052	250	6	5	FULL	1	26226
298	238	261	3663	723	0	0	FULL	2	11488
439	308	137	9749	1108	0	0	FULL	3	14876
393	411	102	7986	829	0	0	FULL	1	27805
318	219	266	2590	250	0	0	FULL	1	16906
470	272	145	3607	874	10	5	FULL	1	18541
280	253	177	9100	2000	0	0	FULL	1	28468
363	166	274	13035	2000	0	0	FULL	2	15904
347	186	224	10672	769	0	0	FULL	1	22440
293	220	193	9275	1244	0	0	FULL	3	3687
377	296	139	2650	795	0	0	FULL	1	19806
417	251	119	3787	627	14	16	FULL	2	3722
391	230	217	13377	1205	21	25	FULL	3	8006
383	274	129	3591	1131	13	12	FULL	2	8723
442	274	120	7163	1048	0	0	FULL	3	3357
312	238	223	12721	2000	21	25	ALL_EDGES	2	4606
331	226	260	15697	2000	0	0	FULL	3	8736
442	280	125	7812	1060	0	0	FULL	2	1597
361	269	191	2220	470	0	0	ALL_EDGES	1	4483
327	246	168	8950	1169	0	0	FULL	4	11956
354	210	263	15307	1018	0	0	FULL	3	6070
398	267	146	8788	1165	0	0	FULL	2	30443
373	272	133	7546	1167	0	0	FULL	6	3348
324	189	268	13612	2000	19	24	FULL	2	1829
252	192	320	3472	543	22	31	CORNERS	9	26458
382	237	204	12469	2600	19	14	ALL_EDGES	4	3228
331	266	142	7612	1210	0	0	FULL	1	13174
462	334	94	5263	250	15	12	ALL_EDGES	1	3955
346	255	221	14274	2000	0	0	FULL	1	8447
328	197	240	3921	1053	0	0	FULL	3	14350
269	208	314	2537	589	0	0	FULL	7	11328
398	279	167	11155	1204	0	0	FULL	1	11638
391	274	145	8850	1145	15	19	ALL_EDGES	1	6293
313	251	160	1000	514	0	0	FULL	1	19982
376	265	186	1480	250	17	15	FULL	1	21765
356	289	150	9377	1206	0	0	FULL	2	24494
325	251	191	1953	250	0	0	FULL	2	22964
253	165	349	15123	2000	23	25	FULL	2	9128
355	255	215	13923	2000	0	0	FULL	1	17779
391	291	145	4471	598	0	0	ALL_EDGES	1	5474
378	269	182	1961	250	17	11	FULL	1	21807
237	181	292	1737	250	0	0	FULL	4	1032
387	271	119	6537	838	10	12	FULL	2	30433
326	272	163	9483	2000	17	30	FULL	3	29028
362	322	159	11396	876	36	34	FULL	5	12466
386	255	157	9238	2000	0	0	FULL	3	31917
347	298	150	2976	250	9	10	FULL	4	31446
