330	224	102	3930	1083	12	15	FULL	1	16803
282	232	131	595	344	0	0	ALL_EDGES	1	28677
265	180	241	9890	2000	0	0	FULL	5	29616
208	188	114	3073	2000	0	0	ALL_EDGES	2	19252
246	175	105	2731	2000	0	0	FULL	1	109
281	126	295	9660	1335	0	0	FULL	1	18814
253	194	214	8746	2000	29	27	FULL	2	14564
377	300	57	2463	663	0	0	FULL	2	22743
272	196	140	1777	1032	0	0	FULL	4	19580
371	240	95	544	340	30	34	FULL	4	4728
356	237	101	1853	250	0	0	FULL	1	5215
197	134	208	5065	1544	0	0	FULL	1	32354
387	242	123	4059	698	15	14	FULL	2	8543
255	186	159	5422	2000	0	0	FULL	5	15129
325	196	180	7877	2000	0	0	FULL	1	27772
315	214	111	2310	1014	0	0	FULL	1	14375
358	229	91	3600	1669	0	0	FULL	4	2712
280	183	204	8169	2000	0	0	ALL_EDGES	1	10445
256	179	99	2610	1144	3	9	FULL	1	14962
376	205	149	6762	1199	0	0	FULL	1	566
461	298	87	1860	282	0	0	FULL	1	16918
311	238	156	1782	250	0	0	FULL	4	968
297	199	143	5465	1033	10	9	FULL	2	3963
285	191	156	5788	2000	20	23	FULL	2	2088
270	190	166	6120	2000	37	35	FULL	2	28204
308	226	136	5871	2000	0	0	FULL	1	10447
260	182	158	5362	2600	22	23	ALL_EDGES	2	3709
392	224	97	2252	250	13	9	FULL	2	902
232	145	162	621	405	0	0	FULL	1	24703
324	260	125	6090	480	12	13	FULL	1	7703
312	217	170	7831	2000	0	0	FULL	3	22093
198	138	129	367	250	22	23	FULL	2	12586
292	227	144	6175	2000	0	0	FULL	1	27525
215	169	315	12328	2000	0	0	FULL	3	14180
302	245	161	8088	1163	19	19	FULL	3	9277
191	190	206	2325	643	23	27	FULL	1	12038
405	242	97	4427	1058	0	0	FULL	4	10909
219	175	118	850	862	20	22	FULL	1	5534
204	150	147	1134	250	23	26	FULL	3	6055
284	166	245	9660	1276	0	0	FULL	2	8247
301	269	130	6415	2000	5	6	FULL	3	15486
302	234	134	5880	2000	15	17	FULL	7	9243
323	285	130	1116	367	33	36	FULL	2	15958
220	199	172	930	250	43	42	FULL	1	3314
227	172	242	8787	2000	0	0	FULL	2	9951
223	204	99	2785	2000	15	16	FULL	1	11501
368	237	97	4148	799	12	9	FULL	1	20241
270	183	91	2461	1153	12	11	FULL	4	30295
215	148	110	2310	2000	19	16	FULL	1	25030
278	243	140	6241	2000	0	0	FULL	3	16053
319	206	175	1610	697	0	0	FULL	1	20807
282	172	93	1417	250	0	0	FULL	1	32519
189	163	210	6142	2000	0	0	FULL	1	7381
329	206	178	8148	2000	19	19	FULL	2	18161
302	226	168	7912	2000	0	0	FULL	2	4641
282	205	112	1404	250	0	0	FULL	1	19140
400	288	82	4132	969	17	16	FULL	1	333
264	159	177	1440	426	30	32	FULL	6	24418
348	225	109	4488	1076	0	0	FULL	1	20948
338	192	130	1929	250	0	0	FULL	4	25113
344	263	94	4216	1156	0	0	FULL	1	158
292	212	122	4507	1202	8	8	FULL	2	18894
224	181	261	10132	2000	0	0	FULL	4	13589
305	214	114	637	371	0	0	FULL	5	570
222	179	113	2965	2000	5	0	FULL	1	23461
423	278	102	5628	2000	13	13	FULL	1	17396
323	308	105	2016	679	0	0	FULL	2	3296
297	208	187	759	482	0	0	FULL	1	20276
260	147	275	9691	2192	0	0	FULL	3	18224
224	166	175	5219	2000	0	0	FULL	4	17296
333	266	96	4318	1087	13	12	FULL	6	27928
226	152	131	3154	1139	0	0	ALL_EDGES	1	28398
300	192	148	5516	1186	0	0	FULL	3	32
287	189	157	935	401	21	19	FULL	5	5548
256	228	77	2326	1108	17	19	ALL_EDGES	1	9538
258	210	157	6094	1195	39	37	FULL	1	19624
324	282	104	5063	1093	11	11	FULL	3	4478
287	172	132	4095	2128	0	0	FULL	1	13464
304	249	125	5690	1152	17	15	FULL	1	18047
276	163	167	5362	2000	34	38	FULL	1	7557
371	223	102	4233	839	0	0	FULL	1	29683
285	195	206	8912	2000	0	0	FULL	1	4898
320	259	127	1806	651	0	0	FULL	1	10169
269	195	142	5032	2000	10	8	ALL_EDGES	1	22903
334	193	178	2070	676	0	0	FULL	3	30543
304	131	137	3432	2000	17	15	FULL	1	27526
346	252	121	5827	1139	0	0	FULL	1	8648
418	281	98	5301	1011	0	0	FULL	4	15450
354	216	98	1477	518	18	17	FULL	2	7816
222	166	259	9177	501	0	0	FULL	4	18073
312	183	113	3672	1128	0	0	FULL	3	11732
270	174	225	8683	2000	0	0	ALL_EDGES	2	9192
214	124	320	9197	2000	21	23	FULL	2	6160
356	261	80	3405	1044	0	0	FULL	6	23289
277	191	181	7020	2000	12	18	FULL	2	16574
290	210	123	1282	464	0	0	FULL	5	21456
348	199	152	6447	1204	8	13	FULL	2	1389
351	259	132	1872	454	0	0	ALL_EDGES	6	17607
346	258	129	6578	1181	0	0	FULL	2	26717
294	228	111	4320	1151	0	0	FULL	2	7583
303	219	98	3477	871	0	0	FULL	2	18863
343	222	138	6205	1179	41	45	FULL	2	12324
274	221	173	115	250	0	0	FULL	5	26584
260	183	198	7543	1231	0	0	FULL	2	28245
248	156	220	7233	2000	29	22	FULL	1	17199
346	319	104	5957	1685	0	0	FULL	2	10594
224	167	307	11948	2600	23	27	FULL	2	9410
277	195	223	1500	417	0	0	FULL	1	10813
414	221	126	5980	1111	0	0	ALL_EDGES	1	17810
286	181	164	5924	2000	20	22	ALL_EDGES	2	9328
304	164	210	766	250	0	0	FULL	1	26423
336	233	153	7512	1923	0	0	FULL	1	20084
280	157	171	5377	2000	27	28	ALL_EDGES	2	28755
317	331	109	6336	1113	0	0	FULL	2	7143
314	244	124	5576	1174	0	0	FULL	1	19009
267	160	198	6664	2000	32	33	FULL	1	9936
266	297	108	3893	908	0	0	FULL	3	26507
318	164	162	2915	293	0	0	FULL	8	1219
240	196	223	9124	2000	0	0	FULL	3	5827
287	167	220	609	250	0	0	ALL_EDGES	1	4966
277	197	137	4875	2032	3	7	FULL	1	13802
294	257	100	4102	1131	0	0	FULL	1	32090
407	205	114	4759	832	0	0	FULL	2	17131
273	233	181	8567	1221	0	0	FULL	2	7066
359	234	136	6624	871	0	0	FULL	1	22180
285	189	178	4579	972	0	0	FULL	1	3084
251	148	149	3894	2000	0	0	FULL	3	23132
330	189	120	1665	530	11	9	FULL	1	1779
301	247	141	987	403	18	17	FULL	3	15054
281	246	108	4342	1166	0	0	ALL_EDGES	3	17984
222	116	173	603	535	0	0	FULL	1	14041
345	196	169	7463	2000	16	13	FULL	1	20543
333	196	115	4140	1159	0	0	ALL_EDGES	3	17416
348	235	146	7248	914	15	19	FULL	3	30515
242	181	126	3674	2000	0	0	FULL	3	10838
282	194	211	9062	2000	0	0	FULL	2	11193
281	220	154	6469	2000	19	16	FULL	1	32509
309	189	112	3666	1126	17	15	FULL	2	21652
272	169	141	4322	2000	0	0	FULL	3	25447
266	136	262	4180	1443	0	0	FULL	3	8974
227	137	209	968	729	0	0	FULL	3	13408
330	208	138	5719	1179	0	0	FULL	3	5801
280	209	146	5669	1159	0	0	FULL	2	13619
296	231	167	7958	2000	0	0	ALL_EDGES	2	4871
262	194	148	765	961	0	0	FULL	1	10925
390	286	103	5612	2000	12	11	FULL	2	17965
341	205	79	2524	1029	24	31	FULL	2	16994
262	215	203	9200	2000	32	38	FULL	1	12662
205	172	185	5577	2000	0	0	FULL	1	907
179	147	282	570	357	21	24	FULL	1	32210
227	202	141	4699	2000	0	0	FULL	6	27958
235	166	269	10038	2000	0	0	FULL	2	26122
248	126	240	6637	2000	0	0	FULL	1	982
313	223	136	2840	1038	0	0	ALL_EDGES	3	4527
308	185	202	3783	1300	0	0	FULL	1	13600
282	172	155	5122	2000	0	0	FULL	1	25942
307	150	184	6043	2000	26	28	FULL	1	17996
232	128	384	13041	2000	7	6	FULL	1	17555
260	160	275	1357	633	0	0	FULL	1	25368
238	140	344	12259	2000	31	31	FULL	2	19714
309	264	129	6310	877	0	0	FULL	2	9161
309	172	85	2232	1040	0	0	FULL	1	30275
293	174	147	2527	250	0	0	FULL	2	24375
278	214	194	8751	2000	36	37	FULL	1	20014
239	147	100	2114	1156	0	0	FULL	3	27075
373	219	141	6612	1174	15	12	FULL	6	21897
282	245	123	5219	893	0	0	FULL	3	20318
364	266	88	2405	950	13	12	FULL	2	17476
332	194	116	4162	867	0	0	ALL_EDGES	4	600
262	250	144	1539	250	26	25	FULL	2	32269
335	252	113	1966	721	0	0	FULL	1	30301
334	253	136	6831	2192	0	0	FULL	3	14309
308	171	161	5678	1172	19	21	FULL	1	11139
269	164	170	5467	2000	0	0	FULL	2	7973
400	231	92	3893	997	16	25	FULL	1	32018
237	154	234	7607	2000	0	0	FULL	2	4845
250	148	284	703	326	22	27	FULL	4	19507
321	265	100	4479	1097	14	12	FULL	3	6606
232	187	197	476	328	29	34	FULL	2	14223
286	229	176	8268	2000	0	0	FULL	3	22433
232	140	138	3190	2000	0	0	FULL	1	7820
259	162	179	5692	2000	0	0	FULL	3	31678
316	222	135	5785	1222	0	0	FULL	3	4241
311	206	118	1485	883	10	16	FULL	2	9888
253	145	123	2907	2000	17	16	FULL	1	19426
262	181	137	526	344	0	0	FULL	1	970
326	216	150	1102	250	17	22	FULL	1	6391
210	183	116	3087	2000	0	0	FULL	2	287
237	217	185	2090	789	26	27	FULL	2	18828
350	249	138	7032	859	41	39	FULL	2	29299
325	192	137	5134	887	0	0	FULL	2	11306
357	295	71	3210	1223	0	0	ALL_EDGES	1	18026
235	191	78	1897	1147	16	13	FULL	1	906
332	207	139	1472	587	6	6	FULL	2	13459
337	220	142	1270	415	0	0	ALL_EDGES	2	9994
290	195	204	8809	1416	0	0	FULL	1	21262
434	216	80	3097	463	37	35	FULL	2	30240
311	158	71	1599	779	0	0	FULL	2	8366
301	156	182	1003	392	39	42	ALL_EDGES	1	1113
338	189	149	5861	1206	0	0	FULL	3	3972
315	237	101	742	250	35	39	FULL	4	7796
264	204	214	9395	1291	32	33	FULL	2	12721
278	152	130	720	662	0	0	FULL	2	4097
371	288	108	5853	838	0	0	ALL_EDGES	1	12292
207	146	248	1402	286	0	0	ALL_EDGES	3	13331
295	248	130	2517	1104	13	21	FULL	2	28790
399	189	112	4267	1048	0	0	FULL	3	24689
287	174	170	1470	628	24	21	FULL	1	17646
324	209	81	1424	1094	0	0	FULL	2	8344
339	243	139	1368	413	40	45	FULL	2	21330
387	269	110	5807	835	16	16	ALL_EDGES	1	23444
218	175	172	5239	2000	0	0	FULL	1	16120
208	170	128	3235	2000	0	0	FULL	1	4182
280	178	189	3439	1183	0	0	FULL	3	13246
333	153	147	4635	2000	7	5	FULL	1	7016
277	194	159	943	601	0	0	FULL	1	1381
286	239	168	8096	2000	23	22	FULL	1	12768
324	262	123	6058	862	8	10	FULL	3	18053
294	197	147	5559	2000	0	0	ALL_EDGES	3	23851
330	258	111	5187	1095	0	0	FULL	2	19839
264	177	140	1267	490	10	8	FULL	3	27723
348	239	126	1711	250	0	0	FULL	1	12053
316	226	146	6636	418	0	0	FULL	1	15451
222	177	189	6270	2000	0	0	FULL	2	21591
333	196	176	7728	1162	19	21	FULL	1	11146
213	166	183	773	250	22	24	FULL	1	4373
191	143	128	147	487	0	0	FULL	7	27887
260	141	232	1895	791	0	0	FULL	1	9121
244	160	115	2857	2000	19	22	FULL	3	3864
281	146	257	2656	267	0	0	FULL	3	16745
182	135	184	4068	2000	27	28	FULL	1	18205
249	163	111	2785	2000	10	10	FULL	1	24550
247	153	198	6090	2000	0	0	ALL_EDGES	1	29541
227	175	114	2952	1154	18	13	FULL	1	3182
295	195	78	1066	1041	12	12	FULL	2	8997
311	216	126	5049	2000	0	0	ALL_EDGES	4	20200
327	223	158	7394	2000	18	22	FULL	1	14867
197	127	180	3883	2000	0	0	FULL	1	19209
258	220	149	5941	2000	29	28	FULL	2	9628
271	178	135	1865	992	17	24	FULL	6	24558
219	167	206	2407	683	0	0	FULL	4	2108
290	160	247	9614	2000	28	31	FULL	1	4374
271	159	243	8977	2044	21	23	FULL	1	17631
328	210	123	4870	1125	0	0	FULL	3	19334
246	204	230	3105	369	0	0	FULL	3	13438
310	247	98	2025	1121	0	0	FULL	2	29939
296	129	274	9103	1288	0	0	FULL	2	15516
365	218	132	5911	1125	0	0	FULL	4	6887
306	248	138	619	425	0	0	FULL	1	27329
260	150	192	442	425	0	0	FULL	1	30676
317	271	99	4471	1074	0	0	FULL	1	8629
361	172	185	4059	691	0	0	FULL	2	26941
276	169	204	7438	2000	0	0	FULL	2	26241
327	215	93	1976	1281	14	18	FULL	1	20582
404	222	95	3927	1033	17	20	ALL_EDGES	2	2607
262	182	178	6400	2000	0	0	FULL	5	30667
270	154	277	10453	2000	21	27	FULL	3	1008
223	166	203	1065	720	0	0	FULL	1	6401
316	194	106	3542	1151	0	0	FULL	4	14911
301	203	189	8349	2000	0	0	FULL	4	23715
286	185	160	5856	2000	0	0	FULL	1	28434
353	204	147	6310	894	0	0	FULL	4	9472
284	186	218	9154	2000	21	16	FULL	1	15250
294	223	144	921	408	18	19	FULL	2	11730
338	244	103	4428	1069	0	0	FULL	2	30646
301	228	168	7912	2000	23	25	FULL	1	26305
224	132	220	5791	807	0	0	FULL	1	27778
292	190	154	5686	2000	0	0	FULL	2	17029
247	196	93	2583	1161	0	0	FULL	2	11258
324	283	93	4301	1052	15	16	FULL	1	2773
228	104	360	9426	2000	22	22	FULL	2	11881
329	189	137	5117	904	0	0	FULL	4	22831
292	229	172	8107	2000	32	38	FULL	1	29027
384	178	153	3150	643	0	0	FULL	2	20068
340	264	83	2130	1213	13	13	ALL_EDGES	2	20429
235	112	171	3496	2000	0	0	FULL	1	2275
269	193	125	1163	494	0	0	FULL	1	15770
309	241	114	4845	1653	0	0	FULL	1	31186
301	257	123	1396	433	0	0	ALL_EDGES	3	11585
292	199	206	9180	2000	0	0	FULL	2	11332
242	216	143	5287	2000	23	18	FULL	1	11102
239	204	154	5512	2000	22	25	FULL	1	23557
330	223	156	7325	2000	0	0	FULL	6	15353
223	179	112	2952	2000	16	18	FULL	1	11136
218	158	246	8075	2000	0	0	FULL	2	18272
330	200	159	6751	2000	0	0	FULL	1	9658
250	175	125	3602	2000	0	0	FULL	6	7709
207	167	130	3267	2600	31	32	FULL	3	20453
306	187	131	960	502	0	0	FULL	1	8535
241	206	170	986	624	39	42	FULL	1	23551
261	208	139	607	372	0	0	FULL	6	11001
301	199	108	3653	1148	0	0	ALL_EDGES	2	16589
213	144	242	7155	2000	0	0	FULL	2	4315
339	242	92	3697	1058	0	0	FULL	3	7134
240	157	147	594	585	0	0	FULL	5	11145
263	257	140	6403	2000	0	0	FULL	1	254
310	221	168	2185	250	0	0	FULL	3	13371
300	200	142	5414	2000	18	20	ALL_EDGES	2	9023
252	172	197	6825	2000	0	0	FULL	2	21145
318	209	180	8304	2000	0	0	FULL	1	6252
189	169	265	8933	2000	0	0	FULL	2	17391
248	185	208	864	357	0	0	FULL	1	11438
289	150	265	4761	250	0	0	FULL	4	21971
317	221	79	726	418	0	0	FULL	2	19432
309	189	196	8395	2000	0	0	FULL	1	292
332	309	112	3358	1217	0	0	FULL	3	9333
315	183	95	2854	1067	10	10	FULL	2	12583
345	278	109	5565	1078	0	0	ALL_EDGES	1	676
272	214	130	3930	898	16	17	FULL	2	30855
224	178	188	6225	2000	0	0	FULL	1	6450
290	136	216	6672	2000	0	0	FULL	1	5513
368	248	104	2869	996	0	0	ALL_EDGES	4	15287
278	175	174	6162	2000	0	0	FULL	1	17086
307	248	150	7452	2000	10	11	FULL	2	25251
296	189	133	4672	2000	26	23	FULL	2	24772
304	137	132	3371	1190	0	0	FULL	1	4345
220	200	263	11235	2000	0	0	FULL	1	26677
348	150	183	6355	1196	33	34	FULL	1	1338
337	208	108	3990	870	38	42	FULL	10	198
340	238	129	6048	1163	0	0	FULL	1	23826
223	167	147	4092	2000	0	0	FULL	1	1832
313	227	106	1657	250	11	11	FULL	3	11276
410	265	106	1541	421	0	0	ALL_EDGES	2	15892
241	199	93	2619	1192	0	0	FULL	2	12948
281	178	190	7134	2000	29	33	FULL	2	30085
298	173	145	1950	1122	0	0	FULL	2	17932
276	165	77	1750	1066	0	0	FULL	3	5413
368	202	155	1874	617	0	0	FULL	1	4824
304	230	121	5006	451	0	0	FULL	1	18998
377	205	135	2961	1195	13	17	FULL	1	2612
220	142	176	4466	1226	24	27	FULL	2	4158
278	169	203	893	552	0	0	FULL	1	5429
246	200	235	4611	1599	0	0	CORNERS	1	20439
215	145	271	8508	1314	0	0	FULL	3	16045
269	212	131	4852	2000	0	0	FULL	2	681
342	288	96	2175	1024	0	0	FULL	1	32460
268	180	72	1725	1048	0	0	FULL	2	11823
222	167	147	4097	2000	0	0	FULL	5	32382
244	165	112	2830	2000	0	0	FULL	1	22279
225	182	135	3910	1403	21	22	FULL	2	1693
295	154	188	6213	2000	30	28	FULL	2	15866
296	181	141	4792	2000	0	0	FULL	4	27453
316	251	145	7245	2000	0	0	FULL	1	14921
323	235	113	2218	1103	13	16	FULL	1	29739
253	198	169	6349	2000	25	23	FULL	3	30054
390	212	139	5761	852	0	0	FULL	1	20937
383	273	110	5819	1063	10	10	FULL	2	15874
355	214	112	2048	827	12	11	FULL	1	24003
252	156	215	7106	2000	31	28	FULL	1	32472
247	157	221	391	395	29	30	FULL	2	25494
290	193	99	3019	1110	0	0	FULL	3	16324
341	246	89	3637	838	0	0	FULL	2	24365
258	231	125	4845	2000	0	0	FULL	1	25244
290	187	101	3052	1128	8	8	FULL	1	13601
331	260	87	3652	2000	0	0	FULL	2	23022
276	190	201	8158	2000	0	0	FULL	2	3994
284	223	150	6374	2000	20	25	FULL	2	25619
294	240	163	7889	2000	0	0	FULL	1	17013
285	228	146	6279	2000	19	21	ALL_EDGES	1	26714
251	153	143	3822	2000	0	0	ALL_EDGES	5	28234
374	239	134	3972	250	0	0	FULL	1	3580
276	220	156	6574	2000	0	0	FULL	1	19295
242	146	325	11833	2000	0	0	FULL	1	29370
314	190	192	8245	1232	0	0	FULL	2	31337
245	190	204	7856	2000	20	30	FULL	2	23569
320	257	116	5358	1115	15	18	FULL	2	29981
302	203	122	1147	563	6	5	FULL	3	22463
384	193	114	2669	661	0	0	FULL	1	28485
293	208	140	5457	2000	19	14	ALL_EDGES	2	31287
220	222	154	862	266	0	0	FULL	1	18968
317	257	105	4590	832	0	0	FULL	6	23476
303	236	169	8244	2000	28	32	FULL	5	31713
404	208	125	5502	1116	0	0	ALL_EDGES	1	20736
234	181	82	1316	1468	0	0	FULL	1	26255
271	192	144	5047	2000	20	23	FULL	2	4034
349	216	100	1777	833	12	13	FULL	1	24776
261	169	193	6655	2000	28	28	FULL	1	14846
286	189	157	5805	2000	0	0	FULL	2	5381
254	212	177	7239	2034	26	30	FULL	3	3394
373	224	126	5733	861	0	0	FULL	1	14364
321	220	148	6615	2000	0	0	FULL	1	26573
235	157	230	442	283	0	0	FULL	1	1435
296	164	215	8158	2000	0	0	FULL	4	3954
270	154	204	6723	2000	33	32	FULL	5	6276
245	171	228	8265	2000	27	27	FULL	3	27155
231	207	178	6774	2000	0	0	FULL	4	21788
299	252	100	2730	250	0	0	FULL	1	22278
362	281	74	1635	785	0	0	FULL	1	16115
442	126	153	4692	1125	0	0	FULL	1	17468
291	216	135	5372	2000	0	0	FULL	1	22570
251	207	145	5242	2458	23	28	FULL	2	17328
226	151	220	1657	960	0	0	ALL_EDGES	4	1868
266	219	147	5814	2000	21	24	FULL	1	11692
389	212	127	5649	1120	0	0	FULL	4	12454
336	229	123	5396	1154	0	0	ALL_EDGES	2	10448
334	234	135	6226	1146	0	0	FULL	1	7527
240	182	218	988	591	0	0	FULL	5	24078
251	222	189	8284	2000	7	5	FULL	2	17152
325	225	158	5738	1237	0	0	FULL	1	16422
250	147	176	1683	250	22	22	FULL	2	4982
225	169	119	3019	2000	20	19	FULL	3	11854
288	213	171	7423	2000	0	0	FULL	1	9312
262	165	196	6689	2000	0	0	ALL_EDGES	4	22960
252	213	178	332	351	0	0	FULL	2	23240
268	226	107	3841	897	0	0	FULL	4	15511
233	186	126	1061	250	0	0	FULL	4	686
317	291	92	1836	764	0	0	FULL	1	11082
223	153	131	3168	2000	27	24	FULL	2	16047
275	236	116	4530	1216	0	0	FULL	2	5565
323	213	152	6688	2000	0	0	FULL	1	5637
329	260	88	3675	1076	0	0	FULL	2	12762
249	194	93	2574	1182	8	9	FULL	2	22389
284	191	156	5805	2000	20	22	FULL	2	22715
270	206	171	627	444	0	0	FULL	3	10631
257	168	173	787	432	0	0	FULL	1	2432
272	181	153	5182	2000	0	0	FULL	3	28439
227	155	156	1237	466	25	27	ALL_EDGES	1	29522
275	192	219	3197	1502	0	0	FULL	2	31338
296	265	108	3162	1517	15	19	FULL	1	3575
320	211	126	3587	1671	0	0	FULL	2	3950
300	263	133	6510	2000	0	0	FULL	1	4796
281	223	119	4552	1160	11	5	FULL	2	23472
322	211	169	7693	2600	0	0	FULL	1	29592
192	137	133	206	330	30	37	FULL	2	22620
275	146	288	10568	1794	26	29	FULL	2	25688
202	119	228	5230	2600	22	23	ALL_EDGES	3	21588
194	143	305	9418	2000	22	20	FULL	3	8193
290	185	140	4822	2000	17	16	FULL	1	3052
395	235	113	5313	852	0	0	FULL	1	5712
215	182	219	7718	2000	0	0	FULL	1	16226
252	168	224	8094	2000	0	0	FULL	2	13183
215	225	154	570	349	0	0	FULL	1	11231
194	122	190	387	250	28	28	ALL_EDGES	1	6250
280	188	162	5941	2000	0	0	ALL_EDGES	3	6984
323	264	88	3712	828	0	0	ALL_EDGES	1	22669
213	149	172	1633	548	0	0	FULL	1	32499
259	165	221	7951	2000	0	0	ALL_EDGES	3	1367
224	158	126	832	487	0	0	FULL	1	20982
320	183	146	5321	2000	0	0	FULL	4	3963
242	190	184	6749	2000	33	31	FULL	2	32092
187	106	177	3066	2000	8	14	FULL	1	16518
334	174	180	7119	465	19	23	FULL	1	19248
273	172	161	5287	2000	21	20	FULL	4	2322
251	205	87	2488	1160	0	0	FULL	1	26346
207	203	177	292	300	0	0	ALL_EDGES	2	14772
328	234	150	5980	910	0	0	FULL	4	4444
319	174	189	7423	2000	0	0	FULL	1	29778
273	185	189	2223	1021	0	0	ALL_EDGES	2	12465
304	253	123	1510	777	7	4	FULL	1	32162
239	156	254	8797	2000	0	0	ALL_EDGES	1	7774
301	159	242	9349	2000	30	27	FULL	2	23574
220	152	135	3231	529	0	0	FULL	2	16621
334	194	100	3367	818	11	12	FULL	1	10370
297	224	68	2056	1026	15	17	FULL	1	28930
352	219	123	5282	1106	11	6	FULL	5	28910
188	130	264	6831	2000	22	24	FULL	2	4721
260	212	190	8179	1212	0	0	FULL	2	17782
200	131	170	3757	2000	21	21	FULL	1	13659
240	158	171	5005	2000	0	0	FULL	2	27052
324	237	156	2100	483	0	0	FULL	4	11767
229	200	206	1814	278	0	0	FULL	1	3066
289	171	213	2163	250	30	27	FULL	1	18239
342	177	140	5083	2000	0	0	FULL	1	3716
424	268	101	5347	824	0	0	FULL	1	28763
283	189	197	1837	824	8	9	FULL	1	26216
234	212	212	1711	250	0	0	FULL	1	3731
270	181	133	4225	2000	18	18	FULL	1	20093
253	162	183	712	410	0	0	FULL	1	10124
322	215	167	7659	2000	0	0	ALL_EDGES	1	13303
340	256	98	4309	1086	11	12	CORNERS	2	17149
301	225	155	6951	2000	0	0	FULL	1	15887
219	208	99	2812	2000	0	0	FULL	2	21400
192	154	153	3640	2111	29	35	FULL	1	15522
284	196	171	399	250	0	0	FULL	1	22611
305	155	244	9338	2000	33	35	FULL	1	12850
205	125	175	283	335	30	32	FULL	1	9418
251	141	338	4788	1560	23	24	FULL	1	1736
296	221	145	6165	2000	14	20	FULL	3	9968
313	235	116	4836	875	0	0	FULL	3	20450
214	182	193	6427	2000	0	0	FULL	1	2605
295	209	121	367	652	0	0	FULL	2	8351
385	374	73	4389	399	0	0	FULL	2	29701
207	155	233	367	845	0	0	FULL	5	31602
261	168	172	5565	2000	26	31	FULL	3	19925
262	135	156	3899	2000	0	0	FULL	1	2115
227	168	197	945	507	45	45	FULL	3	4
211	181	118	3105	2000	0	0	FULL	1	17062
360	224	143	6762	869	0	0	FULL	2	9202
284	201	150	5695	2000	0	0	ALL_EDGES	2	26819
422	265	103	5405	1043	0	0	FULL	1	31099
302	231	165	1127	564	21	23	ALL_EDGES	1	11157
218	171	121	472	250	0	0	ALL_EDGES	1	8966
217	185	188	322	253	0	0	FULL	1	11097
372	263	123	6480	1100	0	0	FULL	1	12055
315	163	166	5695	549	0	0	ALL_EDGES	1	32556
324	208	171	1575	425	0	0	ALL_EDGES	1	14745
358	207	155	7038	1494	0	0	FULL	1	10422
305	187	185	7507	2600	28	29	ALL_EDGES	1	10041
292	196	166	6593	1172	0	0	FULL	1	1433
228	193	172	5925	2000	0	0	FULL	1	8763
386	249	120	6049	1096	10	11	ALL_EDGES	1	5522
227	143	233	6825	2000	0	0	FULL	1	7797
308	181	216	9168	2000	0	0	FULL	2	5061
280	254	162	1828	282	0	0	FULL	1	16664
201	138	162	3658	2000	0	0	FULL	2	15961
221	198	148	4868	2000	27	27	FULL	1	4465
318	203	85	2706	801	15	21	ALL_EDGES	1	16011
255	201	146	5212	2000	21	18	FULL	1	23957
318	240	151	7337	1423	0	0	FULL	2	29224
352	226	152	7332	882	12	11	FULL	5	22530
246	150	204	345	306	29	28	FULL	2	20861
315	227	118	1572	487	0	0	FULL	3	7231
357	220	95	2242	629	14	17	FULL	2	21761
239	165	240	8559	2000	0	0	FULL	1	10835
207	194	136	4081	2000	0	0	FULL	2	26747
387	264	103	5134	1054	12	9	FULL	1	26977
311	182	133	975	420	1	4	FULL	1	32318
491	235	100	4968	1023	15	15	FULL	3	26943
270	192	184	7163	2000	12	11	FULL	2	26435
343	270	113	5670	1135	9	9	FULL	3	18331
226	170	169	1852	958	22	19	FULL	1	15260
282	180	88	2371	1076	0	0	FULL	2	26889
312	256	144	7256	2000	0	0	ALL_EDGES	1	24774
245	133	200	5323	2000	0	0	FULL	2	20878
293	165	248	708	330	0	0	ALL_EDGES	2	27082
274	218	125	4710	2000	0	0	FULL	1	29260
284	149	107	2583	1149	0	0	FULL	2	13305
218	187	160	5070	2000	34	38	FULL	1	31309
349	143	131	3724	1183	17	12	ALL_EDGES	1	15916
357	210	153	7003	1210	0	0	FULL	1	19468
323	202	146	5928	1185	0	0	FULL	2	14817
405	186	140	5796	1102	17	18	FULL	1	25730
283	134	198	532	349	0	0	FULL	2	28779
248	212	162	1317	732	6	7	FULL	4	4567
265	208	154	5950	2000	0	0	ALL_EDGES	1	25148
291	275	119	5671	1161	11	13	FULL	1	14255
262	159	204	6808	2000	0	0	FULL	3	20733
287	263	139	1386	684	2	4	FULL	3	12241
211	150	142	454	562	0	0	FULL	3	13688
401	130	232	1296	369	25	33	FULL	2	20834
297	216	116	240	285	0	0	FULL	2	10562
335	258	75	2119	670	0	0	FULL	4	22002
234	203	179	1020	250	22	29	FULL	1	11000
251	184	229	1260	286	28	27	ALL_EDGES	1	11910
317	235	154	7417	2000	0	0	FULL	2	23256
288	208	141	1258	448	5	4	FULL	1	28102
292	198	198	8659	2000	0	0	ALL_EDGES	3	3669
257	184	244	10097	2000	0	0	FULL	1	15486
362	248	83	3435	1027	32	33	ALL_EDGES	3	27595
261	192	209	8515	2000	0	0	FULL	2	16010
265	134	268	8597	2000	0	0	ALL_EDGES	2	30832
220	141	209	2606	583	25	24	FULL	1	3626
233	177	158	1033	250	0	0	FULL	6	25846
297	228	140	1083	612	0	0	FULL	1	17289
320	235	100	3952	2000	0	0	FULL	1	14350
268	147	164	4667	2000	21	18	FULL	1	6425
319	262	126	6153	1186	0	0	FULL	1	14702
281	199	187	7843	2000	22	28	FULL	1	28255
297	192	149	2924	1152	0	0	FULL	1	9375
335	201	171	4312	1496	0	0	FULL	1	24620
231	201	118	3630	2000	17	20	FULL	4	8564
317	228	118	4853	894	0	0	FULL	2	19197
314	194	189	8199	2000	23	21	FULL	2	32059
331	170	97	2816	1070	0	0	ALL_EDGES	2	14603
337	198	98	1709	910	13	14	FULL	3	17504
274	203	153	986	410	0	0	FULL	2	7109
312	245	112	1181	250	0	0	FULL	8	17681
276	229	118	4567	1210	0	0	ALL_EDGES	5	15770
270	162	194	6562	2000	25	22	FULL	1	26253
363	194	163	7164	2000	0	0	FULL	2	2035
334	269	106	5044	1079	0	0	FULL	4	20002
213	145	147	3406	2000	0	0	FULL	2	18789
356	342	87	4935	803	0	0	FULL	1	13443
282	197	208	9004	2000	26	28	FULL	1	8314
218	140	146	3370	2000	0	0	FULL	1	27151
370	192	119	4547	1084	18	21	ALL_EDGES	1	7996
394	305	87	4725	1038	0	0	FULL	3	14768
348	295	63	1937	250	0	0	FULL	8	28864
266	219	145	5788	2000	20	16	FULL	1	32203
279	214	126	4680	2000	5	5	FULL	7	28356
311	211	114	4260	1165	30	31	FULL	2	1680
298	201	192	8441	2000	23	25	FULL	1	22963
329	198	177	7774	1409	25	27	FULL	1	28161
290	135	270	9145	2000	23	23	ALL_EDGES	1	2162
295	189	152	5644	2000	18	22	ALL_EDGES	3	31196
269	232	136	1368	250	0	0	FULL	2	4684
346	211	131	5462	870	0	0	FULL	1	17224
361	234	101	4258	1046	0	0	ALL_EDGES	8	16075
372	218	105	4275	1081	0	0	FULL	1	2097
331	273	117	5848	1130	0	0	FULL	2	17101
236	199	138	2489	590	0	0	FULL	2	8037
268	230	154	1501	742	20	23	FULL	1	15688
321	213	125	1343	578	0	0	FULL	1	31223
218	156	133	526	250	39	42	FULL	2	15868
248	203	149	5340	2000	22	20	FULL	1	3680
198	146	156	3627	2000	0	0	FULL	6	16175
303	224	168	7889	2000	23	26	FULL	2	19955
276	162	168	5362	2000	29	32	FULL	2	18954
293	175	88	2326	1075	0	0	FULL	2	2587
255	229	146	5916	2201	0	0	FULL	2	10938
210	131	274	7620	2000	0	0	FULL	1	22355
313	276	133	1782	732	0	0	FULL	2	7536
262	217	149	705	250	0	0	FULL	1	27927
289	235	125	4114	1212	16	16	FULL	1	2728
291	243	120	5083	1163	8	11	FULL	1	20534
302	219	173	1207	259	30	29	FULL	1	18266
249	170	250	1102	395	0	0	FULL	3	32719
357	325	104	1260	588	0	0	FULL	3	31057
235	152	125	3033	2000	0	0	FULL	3	14774
323	197	165	1648	250	18	22	FULL	1	21184
248	174	174	5730	2000	0	0	FULL	3	2934
395	229	127	6129	1082	0	0	FULL	1	16378
206	140	261	2925	1577	24	32	FULL	5	27409
389	180	164	2967	904	0	0	FULL	4	17685
258	125	231	6420	2000	0	0	ALL_EDGES	3	4748
225	165	254	9025	2000	0	0	FULL	1	29458
323	197	102	3438	1089	11	10	FULL	3	17435
262	158	206	6851	2000	0	0	FULL	3	18840
278	163	99	2119	870	16	16	FULL	2	18911
220	176	219	425	250	27	29	FULL	1	14495
229	145	254	1173	700	0	0	ALL_EDGES	1	21849
256	246	72	2254	1068	18	23	FULL	1	10967
232	184	200	442	317	29	28	FULL	1	4372
191	187	126	3343	2000	0	0	FULL	5	29018
425	260	104	5416	1064	0	0	FULL	3	17762
284	193	155	5788	2000	21	23	FULL	2	15832
259	161	109	652	547	11	5	FULL	2	3623
273	166	253	9993	1247	0	0	FULL	2	1438
258	173	168	5542	1828	0	0	FULL	1	23038
262	156	207	6859	2000	21	27	FULL	3	27375
306	220	155	6919	2000	0	0	FULL	1	29545
250	169	224	446	385	29	31	FULL	1	24474
360	243	132	1759	250	6	4	FULL	3	117
352	210	156	4715	796	0	0	FULL	1	6917
256	138	242	7446	1265	0	0	FULL	1	25595
240	192	186	6800	2000	0	0	FULL	2	3585
295	223	114	1665	1002	11	12	FULL	2	25422
300	253	152	7555	1178	17	19	FULL	1	13004
296	213	135	5338	2000	16	19	FULL	3	24190
260	248	179	8717	2000	32	32	FULL	1	27627
321	223	119	4836	1178	0	0	FULL	1	22828
369	227	126	5754	1121	35	36	ALL_EDGES	1	32028
227	170	195	6292	2000	26	27	FULL	2	15961
257	187	197	7562	2600	22	18	CORNERS	1	10647
364	202	157	2426	516	0	0	FULL	2	15021
209	156	107	2317	2000	0	0	FULL	6	24190
239	146	129	3046	2600	0	0	FULL	3	29693
235	198	161	817	583	0	0	ALL_EDGES	1	28971
250	188	160	607	354	32	35	FULL	1	30224
296	214	103	3601	848	0	0	FULL	2	4145
397	205	141	2668	995	0	0	FULL	2	18769
308	159	92	2322	1118	0	0	FULL	1	9757
416	348	79	4669	250	15	17	FULL	2	26058
251	175	193	6783	2000	0	0	FULL	1	7901
282	178	170	6052	2000	0	0	FULL	1	23987
291	249	117	5032	907	0	0	FULL	1	14589
227	206	183	357	366	0	0	FULL	1	26826
225	196	216	1672	636	0	0	FULL	6	31914
278	226	104	1144	250	0	0	FULL	1	23833
297	200	192	8475	2000	0	0	FULL	2	9155
362	213	137	6037	1138	6	3	FULL	1	15944
270	222	157	598	258	0	0	ALL_EDGES	2	14503
303	100	249	6165	2000	9	17	FULL	2	26151
244	192	160	5557	2000	12	14	FULL	2	29352
295	240	163	7866	2231	0	0	FULL	2	6306
290	181	105	3096	880	9	13	ALL_EDGES	2	29094
310	246	72	2535	1011	0	0	FULL	2	764
313	215	170	759	444	0	0	FULL	1	7642
415	250	82	1079	509	46	43	FULL	2	16074
435	254	105	5370	818	17	13	ALL_EDGES	2	3588
219	198	173	6045	1236	30	26	FULL	4	195
463	229	109	1437	670	0	0	FULL	1	27386
319	237	86	3198	1057	0	0	FULL	2	8446
356	166	144	1266	431	5	6	CORNERS	2	9622
242	139	134	3087	1169	21	26	ALL_EDGES	2	6709
340	186	165	2614	564	17	18	FULL	1	27084
404	250	94	4379	2000	0	0	FULL	1	12176
265	173	249	10051	2000	28	29	ALL_EDGES	5	25083
481	336	71	4301	250	0	0	FULL	4	30773
264	180	221	8704	2000	30	34	FULL	2	5847
219	158	332	12523	2000	0	0	ALL_EDGES	1	22235
283	209	93	1149	733	0	0	FULL	1	2650
282	165	161	1080	545	0	0	FULL	2	22853
328	218	91	3243	1066	11	7	FULL	2	27345
383	188	132	2147	807	11	16	FULL	3	14307
260	181	181	1292	453	0	0	FULL	7	13470
255	163	206	6927	2000	29	38	FULL	1	24209
277	195	102	1683	347	0	0	FULL	5	12258
240	198	116	3542	2000	17	16	FULL	1	21815
249	220	82	859	485	0	0	FULL	1	25034
290	200	164	6574	2000	0	0	FULL	2	19077
368	171	119	270	290	0	0	FULL	1	14406
378	293	104	1495	420	0	0	FULL	1	2811
302	226	110	4237	846	0	0	FULL	1	27669
269	174	226	8715	2000	0	0	FULL	4	24018
304	245	114	4870	860	10	8	FULL	1	9038
257	156	237	8236	2000	26	29	FULL	1	26284
177	123	204	4324	1299	24	28	FULL	2	6497
391	187	157	6808	1168	0	0	FULL	1	19697
227	210	158	5707	2000	0	0	FULL	2	25255
281	235	128	5329	1139	0	0	FULL	1	29869
272	213	112	3893	2000	11	14	FULL	1	8166
332	234	122	5396	1166	12	20	FULL	1	27916
230	189	242	1344	250	0	0	FULL	9	1904
267	191	166	6145	2000	0	0	FULL	3	18763
239	178	105	2781	2000	16	16	FULL	2	4000
348	228	119	1976	916	10	13	ALL_EDGES	3	25828
274	202	154	5873	2288	0	0	FULL	4	796
278	162	255	9947	2000	0	0	FULL	1	4998
246	202	171	6468	2000	22	17	FULL	4	6219
276	307	88	3997	827	18	19	FULL	3	22088
229	145	319	11004	2000	21	24	ALL_EDGES	1	6825
340	194	114	4080	843	8	4	FULL	6	13475
240	189	232	9292	2000	0	0	FULL	3	9202
317	244	148	7291	1220	0	0	FULL	3	24874
353	227	143	2806	1067	12	13	FULL	2	21102
327	260	101	782	403	33	35	FULL	1	1925
239	209	151	5460	2000	0	0	FULL	1	26424
229	191	218	8360	2000	0	0	FULL	6	5006
273	204	153	5856	2000	20	18	FULL	2	295
307	190	145	5423	2000	0	0	FULL	1	1969
294	224	160	1060	574	20	24	FULL	1	18976
320	270	133	3047	1115	0	0	FULL	1	28313
326	185	140	2252	250	17	20	FULL	6	2161
284	225	118	4507	867	0	0	FULL	1	30204
304	242	156	7613	1809	0	0	FULL	1	26457
331	248	104	1946	544	0	0	FULL	1	549
281	245	124	5253	2000	0	0	FULL	1	3364
325	209	140	5795	2000	0	0	FULL	5	426
268	185	234	9717	2000	0	0	FULL	3	1830
287	186	141	847	628	38	37	FULL	4	20762
313	232	103	937	649	44	42	FULL	2	23358
431	243	100	4830	999	14	13	ALL_EDGES	1	1707
246	179	214	589	440	30	37	FULL	3	6586
296	254	86	3321	1112	16	24	FULL	3	12814
256	190	154	5340	2000	23	23	ALL_EDGES	1	10319
328	280	93	4275	1071	11	12	FULL	2	20975
260	172	191	6638	2000	34	32	FULL	6	27733
262	205	213	9407	2000	33	28	ALL_EDGES	4	32151
249	172	198	6876	2000	0	0	FULL	3	2211
295	171	237	9756	2000	0	0	FULL	1	28009
282	216	189	8602	1259	29	29	FULL	4	10716
301	196	144	5448	2000	0	0	FULL	2	18563
293	210	155	6384	1174	0	0	CORNERS	2	18151
237	142	134	882	710	20	23	FULL	3	20462
342	157	177	6308	1170	0	0	FULL	1	15051
271	219	143	5695	2000	0	0	FULL	3	5658
231	200	163	900	250	0	0	FULL	2	18195
273	221	239	12252	2000	29	39	FULL	1	6206
395	305	153	10767	1158	50	48	FULL	1	2536
423	265	174	3061	755	6	5	FULL	1	28196
302	191	252	12006	2000	0	0	ALL_EDGES	1	22827
357	246	222	14098	2000	0	0	FULL	3	23474
277	236	236	1689	252	26	23	FULL	3	32391
404	307	133	8910	832	0	0	FULL	1	9462
434	303	118	3565	977	11	24	FULL	1	25034
377	329	133	9207	1154	0	0	FULL	1	16772
387	204	221	1347	349	19	23	FULL	1	29900
307	297	215	14878	2000	0	0	FULL	3	16195
337	203	227	11609	2000	0	0	FULL	2	26781
402	356	101	6916	1061	0	0	FULL	3	6087
378	253	204	13201	1176	0	0	FULL	2	9143
386	193	235	12547	2000	23	25	FULL	1	19136
344	310	182	13104	2000	19	20	FULL	1	10437
359	177	245	2201	435	4	5	FULL	2	12272
420	292	118	3538	250	0	0	FULL	3	31811
225	196	285	1387	403	0	0	FULL	1	10789
438	291	121	7719	847	0	0	FULL	3	3351
432	207	208	11895	2000	0	0	FULL	1	1023
332	242	231	4403	1003	23	23	FULL	4	19862
512	340	89	6246	785	0	0	FULL	2	11408
330	190	230	11049	1266	0	0	FULL	2	16821
371	180	232	11237	2315	0	0	FULL	3	26008
260	172	302	13014	2000	24	17	FULL	5	11794
300	136	403	2904	751	0	0	FULL	1	2834
334	244	239	15034	2000	34	33	FULL	1	16412
366	228	209	12162	595	0	0	FULL	1	585
394	275	152	2722	461	7	2	FULL	4	9284
224	163	372	864	317	0	0	FULL	2	27260
461	208	141	7033	1124	0	0	FULL	4	2042
301	256	176	9490	2000	0	0	ALL_EDGES	2	13033
414	314	96	3625	623	0	0	FULL	1	983
338	299	154	3224	915	0	0	ALL_EDGES	3	7252
340	288	158	9811	2600	8	12	FULL	1	2864
311	238	182	9490	1225	20	19	FULL	5	26952
281	212	210	525	289	27	30	FULL	3	24269
336	277	166	10090	2000	0	0	FULL	1	31039
432	333	107	4107	597	13	14	FULL	1	18742
417	282	166	4270	526	11	15	ALL_EDGES	2	30418
401	238	141	7506	1141	0	0	FULL	2	21798
352	210	211	11005	2132	0	0	FULL	1	17690
311	210	282	15910	2000	0	0	FULL	1	5113
380	295	139	2542	598	7	17	FULL	2	27668
446	293	141	9823	1101	14	18	ALL_EDGES	2	26470
379	329	141	9992	876	0	0	FULL	1	22991
327	292	163	6680	1440	16	17	FULL	1	22686
379	261	187	12006	2000	0	0	FULL	2	22463
343	228	198	1255	374	21	29	FULL	3	24933
415	296	118	3146	544	0	0	FULL	6	19882
367	191	207	10019	2000	13	11	FULL	4	30673
310	196	255	12741	2600	0	0	FULL	2	1739
472	300	117	7804	1056	13	14	FULL	3	31137
314	284	208	684	476	0	0	FULL	1	31833
429	255	150	9174	1152	0	0	FULL	1	7776
321	312	155	9966	2000	0	0	FULL	2	26985
321	208	232	2387	250	0	0	FULL	5	12792
415	274	127	7569	1103	0	0	FULL	2	2376
329	222	185	9315	499	0	0	FULL	2	3854
356	284	143	8584	1145	0	0	FULL	3	21036
446	266	131	7951	958	17	13	FULL	1	15144
285	248	220	12369	1220	22	19	FULL	1	5803
385	228	189	10692	2000	18	16	FULL	4	21044
344	290	196	13533	2000	0	0	FULL	2	13240
342	288	178	2047	411	19	18	FULL	4	27767
364	289	138	8352	1175	32	34	FULL	2	18281
442	229	173	10237	1172	4	4	ALL_EDGES	5	28519
313	202	213	10179	2000	22	22	FULL	1	6876
353	247	213	1406	250	0	0	FULL	1	31925
301	199	225	10624	2000	25	25	FULL	1	790
451	267	129	3534	971	0	0	FULL	1	20396
276	204	257	3204	283	0	0	FULL	1	19228
303	242	171	8650	803	0	0	FULL	1	12387
335	284	163	6231	1284	0	0	FULL	2	14351
431	325	132	9657	846	13	15	FULL	2	18828
280	186	280	13035	2000	0	0	FULL	1	10365
285	212	224	1120	370	0	0	FULL	8	3893
336	280	197	13005	1201	0	0	ALL_EDGES	2	21870
336	180	290	1085	250	30	33	FULL	2	24441
302	301	138	7837	2000	11	11	FULL	2	5886
328	262	192	11616	2000	30	31	FULL	3	30974
393	265	168	10640	1197	0	0	ALL_EDGES	3	25119
337	210	177	8362	2000	0	0	FULL	1	23354
336	310	167	11427	1164	18	17	FULL	3	23567
365	213	239	13690	2000	0	0	FULL	3	15633
335	172	252	11440	2000	20	22	FULL	2	13505
362	173	248	11702	2000	0	0	FULL	2	20920
340	233	194	10788	2600	0	0	FULL	2	15816
386	270	120	4162	693	0	0	FULL	7	30476
402	241	171	10015	915	0	0	FULL	1	2173
366	313	170	1813	367	33	29	ALL_EDGES	1	30112
491	295	121	8277	1014	0	0	FULL	2	3443
411	272	139	8463	852	15	16	FULL	1	11907
396	222	165	8714	1190	16	22	FULL	1	21145
326	246	230	14189	2000	36	38	FULL	3	24651
271	221	226	1755	671	3	0	FULL	2	15632
245	231	274	2185	541	26	29	FULL	6	6591
355	254	149	1903	430	4	5	FULL	1	3486
380	209	158	7500	894	36	30	FULL	1	17655
466	408	87	4323	350	16	16	FULL	2	1988
306	213	192	9075	1237	32	39	FULL	2	5706
388	335	134	9677	1160	0	0	FULL	7	6956
311	239	222	2029	354	25	22	FULL	1	21417
416	229	173	9916	912	9	13	FULL	2	27693
362	265	130	7025	1124	0	0	FULL	1	16725
328	231	217	12276	2000	38	40	ALL_EDGES	3	22023
365	224	189	10307	2000	0	0	FULL	2	29435
317	175	225	800	319	0	0	FULL	1	21919
325	250	204	11995	2000	0	0	FULL	2	19744
399	289	126	7670	834	0	0	FULL	2	31670
357	233	210	12337	1214	0	0	FULL	1	26119
347	250	144	7500	1200	16	15	FULL	2	1628
378	239	150	6912	869	0	0	FULL	1	22132
416	240	165	3531	965	0	0	FULL	2	6678
311	213	233	12214	831	33	35	FULL	2	5754
225	158	351	13787	2000	0	0	FULL	1	26484
500	353	94	2821	479	16	14	FULL	2	24416
570	308	114	8580	1299	15	17	FULL	1	29091
315	331	187	3159	250	7	10	FULL	1	5164
327	263	192	11616	2000	0	0	FULL	1	13436
317	177	347	2047	330	21	19	FULL	1	20215
329	276	182	1386	374	32	28	FULL	1	31334
463	328	102	5440	1150	0	0	FULL	5	29057
402	277	130	7757	1106	0	0	FULL	1	15982
312	286	173	10633	1205	0	0	FULL	2	29036
348	226	197	2635	458	21	20	FULL	1	1101
380	272	159	6072	740	0	0	FULL	3	1381
255	128	445	16849	1449	0	0	ALL_EDGES	4	795
382	280	146	8943	898	0	0	FULL	2	11275
351	310	115	6737	1144	9	11	FULL	2	4843
370	233	156	5926	1194	16	13	ALL_EDGES	1	9763
399	375	124	9712	1117	0	0	FULL	4	5198
387	220	181	9842	2000	0	0	FULL	1	5371
314	232	254	1498	356	32	32	FULL	2	32656
381	266	173	3797	984	0	0	FULL	2	30544
389	209	191	1534	416	34	38	FULL	1	24940
443	263	107	5312	1150	0	0	ALL_EDGES	3	16488
249	198	295	14094	2000	0	0	FULL	2	29146
317	205	270	14612	2000	0	0	FULL	2	9401
361	138	250	1200	548	34	35	FULL	1	7935
325	282	202	13357	2000	0	0	FULL	2	24666
422	248	167	4270	575	0	0	FULL	5	16597
421	239	144	2508	471	8	9	FULL	2	3875
329	200	190	8737	2600	21	17	FULL	2	13293
393	265	139	8091	877	0	0	FULL	1	3315
328	270	164	9497	2000	22	28	FULL	2	6390
376	334	99	1712	416	0	0	FULL	7	7486
359	291	158	2260	420	3	7	FULL	2	8816
340	300	172	4987	881	0	0	FULL	1	19773
285	227	224	4132	881	26	26	FULL	5	18636
381	210	181	9265	2000	0	0	FULL	1	12661
329	241	196	11005	2000	0	0	FULL	1	32293
432	296	137	9292	1124	0	0	FULL	1	12880
357	300	188	13380	595	0	0	FULL	2	30899
339	243	224	13745	2000	22	21	FULL	3	2710
467	267	140	9065	1120	0	0	FULL	2	16374
413	263	133	7757	828	13	15	ALL_EDGES	2	5726
380	252	172	4141	250	14	13	FULL	1	16508
402	303	103	3137	250	12	17	FULL	3	8240
389	178	269	4310	829	23	34	FULL	3	28905
338	200	215	10599	2000	0	0	FULL	2	27056
454	250	171	11212	1173	0	0	FULL	3	24613
542	339	84	5921	250	0	0	FULL	2	21489
339	193	236	3565	250	25	22	FULL	3	30979
353	193	183	8312	2000	0	0	FULL	3	6738
513	288	105	6711	510	0	0	FULL	1	29302
256	213	247	11947	1256	26	29	FULL	3	15068
222	174	348	14931	2000	21	25	ALL_EDGES	3	32327
293	212	202	9475	2000	37	30	FULL	2	17373
286	257	226	3003	676	22	25	FULL	2	18345
400	205	189	9873	2000	11	10	CORNERS	1	3321
407	341	133	3404	476	9	9	FULL	3	29390
357	235	198	11302	2000	20	26	FULL	2	8174
303	207	199	687	250	29	27	FULL	1	6494
350	206	277	16140	2600	32	31	FULL	1	26382
395	269	118	2387	695	0	0	ALL_EDGES	6	4055
337	229	202	2015	250	0	0	ALL_EDGES	1	9455
325	234	165	8237	1203	17	15	ALL_EDGES	1	19118
465	269	148	7862	447	0	0	FULL	4	28674
395	168	233	1612	389	35	31	FULL	2	23222
410	203	162	2011	736	5	5	FULL	1	24748
290	151	310	12528	2000	23	16	FULL	1	20473
334	243	190	10757	2000	29	33	ALL_EDGES	4	354
419	267	166	10878	1199	0	0	FULL	1	13266
313	171	291	13485	2000	22	24	FULL	1	9598
297	244	201	6786	1368	0	0	FULL	1	30603
346	251	213	13320	2000	5	7	FULL	1	7201
374	285	136	3465	250	0	0	FULL	1	4549
421	306	127	8563	1100	0	0	FULL	1	18302
255	184	311	10150	1322	0	0	FULL	1	23046
338	252	217	13579	2000	25	27	FULL	1	21919
272	176	325	4417	986	21	22	FULL	2	28104
392	281	132	3784	574	13	16	FULL	2	24084
297	184	228	1112	398	33	33	FULL	2	16867
353	328	108	2025	612	17	14	FULL	1	1209
432	252	161	9992	1180	7	8	FULL	1	28052
415	324	115	3952	250	0	0	FULL	5	18289
311	203	230	11353	2000	34	39	FULL	2	14861
368	224	189	10261	2000	18	18	ALL_EDGES	1	25225
419	203	229	2145	455	24	24	ALL_EDGES	1	14625
255	197	270	12460	2000	0	0	FULL	2	15131
303	234	218	1922	485	0	0	FULL	1	916
307	239	171	1300	589	0	0	FULL	1	18916
355	245	225	2125	595	37	38	FULL	1	3203
279	220	203	9725	2000	0	0	FULL	2	24190
433	233	153	1922	407	43	46	FULL	3	11977
271	246	203	10624	2000	0	0	ALL_EDGES	3	14149
329	212	279	16263	2000	26	31	FULL	2	13435
