216	195	203	1351	581	0	0	FULL	5	4176
264	162	175	5580	2000	22	17	FULL	1	15131
258	202	144	5152	2000	0	0	FULL	1	16359
280	181	188	7115	2000	0	0	FULL	2	13471
324	300	98	4930	1067	34	36	FULL	4	5411
284	139	114	2659	897	13	13	FULL	3	5361
374	229	76	2808	439	16	17	FULL	1	552
312	282	119	6069	1165	0	0	FULL	5	10760
268	145	167	442	250	30	34	FULL	2	1039
260	226	195	9062	2000	0	0	FULL	3	16482
312	182	97	1067	698	16	19	FULL	13	32066
321	237	124	1833	709	0	0	FULL	2	21321
368	287	109	1311	391	17	15	FULL	4	6637
241	137	227	6555	2000	23	28	FULL	2	6455
289	236	109	4320	1945	6	12	FULL	3	14831
305	176	158	5661	2600	0	0	FULL	3	15295
284	197	134	4777	1238	0	0	FULL	1	29267
297	262	122	1377	439	0	0	FULL	4	17781
220	175	168	5167	1256	0	0	FULL	2	15853
282	212	143	5593	1179	19	24	FULL	1	7358
278	221	187	8625	2000	22	20	FULL	1	29139
317	278	108	750	357	0	0	FULL	2	28301
374	178	173	7268	2000	14	13	FULL	3	16930
314	194	91	2794	854	13	13	FULL	1	16743
276	189	105	3173	880	0	0	FULL	1	16472
199	172	132	3348	2000	0	0	FULL	1	25648
399	252	84	3740	807	15	13	ALL_EDGES	1	17649
260	221	165	1130	413	0	0	FULL	2	25326
319	194	186	8061	2000	29	24	FULL	3	613
410	313	89	5140	1024	0	0	FULL	2	16743
562	265	57	2677	368	0	0	FULL	4	25645
340	224	99	3825	1067	11	10	FULL	1	23676
319	229	103	4012	837	34	41	FULL	2	24420
288	158	165	5220	2000	22	24	FULL	2	10285
280	167	182	969	630	38	40	FULL	4	19542
276	216	176	483	470	0	0	FULL	2	28835
240	159	196	937	401	44	47	FULL	1	29317
332	266	136	7164	883	0	0	FULL	3	15016
331	281	113	5754	1110	0	0	FULL	2	29884
419	329	83	2047	478	8	12	FULL	1	11314
245	180	102	2700	876	0	0	FULL	3	22598
410	302	85	4588	981	0	0	FULL	1	30946
430	258	104	3323	977	0	0	FULL	2	7153
477	280	86	1012	371	0	0	FULL	2	53
417	191	119	4807	1062	9	7	FULL	2	32689
253	224	149	1028	411	41	40	FULL	1	30085
296	173	223	9085	2000	0	0	FULL	1	18601
264	201	141	5055	2000	19	14	FULL	2	12010
321	183	178	1092	428	0	0	FULL	1	4557
237	127	283	8296	2000	22	19	FULL	2	244
275	199	155	5873	1171	0	0	ALL_EDGES	2	19228
341	229	96	3765	1101	0	0	FULL	4	18334
261	173	188	824	250	34	40	FULL	1	19274
353	207	61	936	916	17	13	FULL	2	4984
249	146	178	5011	2000	32	36	FULL	1	10856
245	143	184	2437	528	28	25	FULL	1	12415
168	137	373	11024	2000	20	21	FULL	4	5122
259	210	211	9418	2600	13	20	ALL_EDGES	3	20310
329	221	158	7394	1183	0	0	FULL	2	22928
361	210	112	4471	823	0	0	FULL	1	6607
293	170	231	9269	2000	34	34	ALL_EDGES	2	30111
389	246	120	1598	250	23	25	FULL	1	4971
346	208	104	3885	1065	48	46	FULL	1	10545
242	160	194	592	250	32	29	FULL	2	10024
229	136	143	3267	2000	0	0	FULL	2	21556
359	173	153	760	360	32	31	FULL	2	11374
256	211	177	7201	2000	0	0	FULL	1	26539
350	250	132	2104	835	0	0	ALL_EDGES	3	9424
213	155	228	1110	734	5	5	FULL	3	3894
253	294	114	2541	642	0	0	FULL	6	26238
259	245	180	3553	1049	0	0	FULL	3	9434
265	198	162	3051	530	0	0	FULL	2	29451
373	201	126	5196	1131	0	0	FULL	5	1029
254	167	224	1786	250	28	28	FULL	2	24519
279	151	107	2601	1142	35	33	FULL	4	11884
281	168	159	832	444	0	0	ALL_EDGES	2	26124
327	218	134	5671	892	0	0	ALL_EDGES	1	4566
211	181	143	4136	2000	0	0	ALL_EDGES	3	28619
333	224	141	6363	1171	7	3	FULL	1	10079
217	129	270	7455	2000	0	0	FULL	1	4165
249	156	167	4868	2000	0	0	FULL	2	2254
268	210	98	3118	1419	0	0	FULL	1	9773
318	233	88	3237	847	7	6	FULL	4	24193
245	142	331	11879	2000	35	36	FULL	2	15810
325	227	156	7371	1182	9	10	FULL	1	14438
257	227	180	8022	2000	0	0	FULL	2	8211
305	128	218	6545	2000	35	36	FULL	1	2135
294	134	268	556	410	0	0	FULL	1	14731
325	169	172	893	372	0	0	FULL	6	1297
278	187	203	294	250	0	0	FULL	3	2965
266	213	132	4875	1176	0	0	FULL	1	18102
247	197	174	1164	534	0	0	FULL	2	20710
335	220	115	1785	933	0	0	FULL	1	22666
285	226	132	5363	2000	0	0	FULL	3	22470
221	154	222	6757	2600	27	24	FULL	3	27473
248	183	209	1596	361	0	0	FULL	1	20717
366	223	141	6670	1144	17	14	ALL_EDGES	1	4549
276	232	133	450	250	0	0	FULL	4	1992
289	195	187	7728	2000	0	0	FULL	1	1889
260	196	89	2466	863	10	8	FULL	5	9629
293	200	77	1278	603	13	22	FULL	1	28676
361	214	149	2714	1007	12	9	FULL	1	24187
297	264	96	1597	250	16	20	FULL	2	32363
217	138	150	3411	2000	26	32	FULL	4	6042
174	136	191	4221	2000	38	42	FULL	2	17941
267	246	114	4567	2000	0	0	FULL	2	17187
304	265	143	2081	672	0	0	FULL	1	24561
248	184	230	9114	2000	28	30	FULL	4	25129
337	202	169	7532	2000	7	6	FULL	1	5147
254	172	80	749	973	11	12	ALL_EDGES	4	5164
240	196	95	2646	1688	0	0	FULL	3	279
244	197	239	10246	2000	8	8	FULL	1	5944
342	298	118	3072	768	15	17	ALL_EDGES	2	30523
300	188	150	3485	250	19	16	FULL	1	27507
329	194	117	1305	837	29	26	FULL	1	22732
262	197	223	644	292	0	0	FULL	1	17376
289	227	146	6241	1190	18	22	FULL	3	1433
234	197	163	1980	306	0	0	FULL	1	25167
273	163	102	2569	1134	0	0	FULL	2	6201
242	223	157	6264	2000	34	36	FULL	4	28494
331	223	155	3024	361	13	17	FULL	2	22779
339	131	258	9131	2000	0	0	ALL_EDGES	2	15027
315	197	137	5219	884	8	10	FULL	5	29861
269	228	138	5627	2000	0	0	FULL	2	31833
228	167	196	6300	2108	30	33	FULL	5	15108
309	196	140	1045	635	42	49	FULL	2	12896
376	274	111	1426	486	17	19	FULL	2	10457
341	236	105	4454	1072	0	0	FULL	2	31347
302	193	181	7465	2000	0	0	FULL	3	3066
314	180	150	1479	250	0	0	FULL	1	8713
274	216	193	276	250	0	0	FULL	1	20289
307	214	129	5142	887	15	17	FULL	1	19125
301	211	164	7150	2000	0	0	FULL	2	27373
250	180	145	4556	2000	0	0	FULL	2	14690
280	150	202	6579	2000	32	31	ALL_EDGES	5	29001
402	240	119	2794	250	0	0	FULL	2	31372
444	192	135	3484	640	14	11	FULL	2	9661
339	221	87	3126	1024	0	0	FULL	1	6885
304	259	82	3204	1038	0	0	FULL	1	5130
312	266	91	3817	1099	0	0	FULL	3	24017
227	158	209	6487	2000	25	19	ALL_EDGES	1	16533
243	160	141	1193	772	0	0	FULL	2	24321
264	132	215	1290	823	0	0	FULL	1	11124
212	161	218	6840	2000	21	22	FULL	3	3270
278	241	173	8303	2600	31	35	FULL	1	6897
341	248	100	1810	962	11	14	FULL	1	31275
408	259	109	2771	250	0	0	FULL	2	9925
379	230	120	1501	547	24	24	FULL	1	30339
248	154	222	7276	2000	0	0	FULL	3	24736
298	196	145	5499	1149	15	19	FULL	2	17806
366	210	98	3675	817	0	0	ALL_EDGES	4	30963
249	189	181	850	250	35	37	FULL	4	13240
270	173	139	4309	2000	19	15	FULL	2	32405
384	219	101	4148	1052	6	9	CORNERS	3	18208
226	180	282	11442	2192	0	0	FULL	2	5016
250	177	215	3144	334	0	0	FULL	2	11136
344	282	88	4080	1064	0	0	FULL	1	9696
296	194	183	7570	839	0	0	FULL	8	21416
309	144	168	5100	2000	0	0	ALL_EDGES	2	11775
255	194	212	661	335	30	29	FULL	1	3602
347	206	132	1254	672	18	21	FULL	1	4854
372	294	77	3714	982	15	12	FULL	2	25072
346	260	128	6543	1178	18	18	FULL	1	16052
228	144	137	3199	2000	0	0	FULL	3	30474
167	141	149	504	725	0	0	FULL	2	6851
279	183	147	5017	2000	0	0	FULL	1	21363
322	238	149	7268	2000	0	0	FULL	1	4419
211	126	322	9273	2600	22	27	FULL	2	23182
333	206	139	5719	1190	0	0	FULL	1	23387
238	146	275	9120	2000	0	0	ALL_EDGES	3	5041
259	224	94	3107	890	0	0	FULL	4	14684
252	160	210	7029	2000	0	0	FULL	2	7820
307	236	145	1092	250	0	0	FULL	3	9011
418	373	74	4657	250	0	0	FULL	1	29921
298	219	115	4350	2000	0	0	FULL	3	20290
308	261	149	2316	688	0	0	FULL	2	21152
288	192	153	5729	1210	0	0	FULL	1	19679
247	192	201	7761	2000	0	0	FULL	1	21616
331	285	90	4199	1091	0	0	FULL	2	4535
240	220	141	555	336	0	0	FULL	1	17798
277	181	149	5077	2000	0	0	FULL	4	7575
248	158	294	11178	2000	0	0	FULL	1	20131
291	200	146	4666	934	16	15	FULL	4	14759
384	239	126	6198	1099	14	14	FULL	1	22376
453	277	92	4956	1488	25	27	FULL	2	4405
363	159	147	5040	1146	12	3	FULL	2	20120
280	212	194	8751	2000	0	0	FULL	1	11640
268	152	281	10568	2000	0	0	FULL	2	29660
326	238	110	1734	912	0	0	FULL	4	13593
230	177	232	8569	2000	23	23	FULL	1	2693
279	177	173	6145	2000	0	0	FULL	1	8433
213	188	112	3010	2000	0	0	FULL	3	18318
373	207	136	5932	1162	7	10	FULL	2	5959
293	184	158	5763	1225	0	0	FULL	1	30079
312	206	179	8015	1198	0	0	FULL	3	18170
312	284	95	1887	1000	0	0	FULL	1	628
227	171	167	5076	2000	0	0	FULL	2	25875
211	174	122	3150	2000	0	0	ALL_EDGES	1	6708
422	232	118	5750	832	11	13	ALL_EDGES	3	694
350	153	159	1547	474	0	0	FULL	1	3836
311	221	95	3393	1113	0	0	FULL	2	10327
307	191	161	6355	2000	0	0	ALL_EDGES	1	22209
213	191	258	10311	1321	24	27	ALL_EDGES	2	5631
289	191	209	8912	2000	0	0	FULL	3	32455
346	213	142	6279	1163	0	0	FULL	3	18884
335	244	92	3727	821	0	0	FULL	2	22688
332	246	141	6969	1219	12	17	FULL	1	17712
285	278	120	1178	506	0	0	FULL	1	4108
218	156	132	1206	250	20	22	FULL	1	19586
356	135	155	1852	579	0	0	FULL	2	13503
283	269	112	2694	665	14	11	FULL	2	7098
257	236	188	1840	598	0	0	FULL	1	15204
283	248	164	8038	1175	31	33	FULL	2	32583
286	229	114	4432	1155	0	0	FULL	1	18698
306	194	142	5380	2000	16	20	FULL	2	29648
325	287	48	1683	490	17	18	FULL	2	28317
191	189	125	3334	2000	0	0	FULL	2	21678
284	146	157	4459	2000	0	0	FULL	3	8980
199	126	179	3861	2000	0	0	FULL	2	11156
219	169	122	3091	2000	0	0	FULL	1	30731
214	126	277	7590	2000	23	24	FULL	1	31802
302	196	194	8441	1253	27	25	FULL	1	1531
246	199	154	487	250	0	0	FULL	3	28038
284	209	195	8694	2000	0	0	FULL	1	2414
229	162	313	11937	2000	20	18	FULL	1	4267
268	201	195	8158	2000	0	0	FULL	2	8751
347	142	173	697	368	0	0	FULL	1	15312
385	271	91	779	353	0	0	ALL_EDGES	1	25926
347	206	133	1643	636	8	17	ALL_EDGES	2	28587
318	219	122	1504	805	8	13	FULL	3	5470
228	199	210	579	368	0	0	FULL	1	10187
280	175	194	978	432	35	33	FULL	1	7690
257	191	355	3517	461	0	0	FULL	3	31633
321	245	197	1286	276	0	0	FULL	3	6078
461	218	194	11778	1169	0	0	FULL	1	4684
372	233	180	9982	2000	0	0	ALL_EDGES	2	26429
389	346	145	1930	383	34	36	FULL	3	20702
399	220	166	8700	1189	0	0	FULL	2	4729
461	346	116	8843	1072	0	0	FULL	2	10361
263	202	236	10687	2000	25	25	FULL	1	30406
300	217	238	1023	250	30	33	FULL	2	3874
323	213	225	11795	2000	0	0	FULL	1	26713
396	217	204	805	433	0	0	FULL	2	29495
375	325	136	759	548	0	0	FULL	1	18262
347	283	148	8830	881	5	10	FULL	2	19001
461	313	94	5845	955	16	16	FULL	3	23071
373	215	244	4075	733	0	0	FULL	2	9042
337	259	177	3332	782	0	0	FULL	1	19445
383	232	174	9703	1174	0	0	FULL	2	20398
243	225	265	13572	2000	0	0	FULL	2	4372
396	306	145	9905	1129	0	0	ALL_EDGES	1	29679
318	216	226	11935	1245	35	41	FULL	1	17746
379	274	159	1386	366	0	0	FULL	3	27418
313	224	222	11904	2000	0	0	FULL	1	30646
281	235	236	12880	2000	0	0	FULL	1	21621
428	418	92	7326	810	16	23	FULL	4	575
472	338	103	3399	250	16	11	FULL	1	11635
331	286	207	14118	2000	0	0	FULL	2	12002
326	246	218	13090	2000	0	0	FULL	1	14130
345	284	159	2356	444	16	22	FULL	3	26028
461	429	83	6748	570	0	0	FULL	1	13838
396	292	160	10989	863	0	0	FULL	2	30865
280	168	286	5751	1369	0	0	FULL	1	18381
335	179	259	12384	2000	0	0	FULL	3	10753
482	312	130	6981	704	15	15	FULL	1	25052
416	273	154	9975	858	0	0	FULL	5	5409
471	249	158	2923	751	0	0	FULL	4	27674
316	275	155	8761	2000	18	24	FULL	3	1299
368	163	259	11873	2000	0	0	FULL	2	6538
346	257	152	5899	1229	16	19	FULL	2	2108
359	240	191	11104	2000	19	25	FULL	3	16096
522	195	123	4262	1120	14	16	FULL	1	12117
355	270	131	7100	1154	7	8	FULL	3	32306
399	271	171	11285	1187	0	0	FULL	4	31310
264	222	231	11407	2000	29	32	ALL_EDGES	1	24877
325	267	212	13671	1193	31	32	FULL	2	12741
330	227	220	12325	1259	0	0	FULL	1	30853
384	325	160	12040	1215	5	7	FULL	1	17472
384	269	150	9036	1147	10	6	FULL	2	31197
361	209	166	7875	2000	17	18	FULL	1	25920
370	203	193	1798	407	19	16	ALL_EDGES	1	12527
277	244	200	10449	2000	21	19	FULL	1	4396
374	203	244	13671	2000	0	0	ALL_EDGES	2	2976
286	193	336	17908	2000	0	0	FULL	1	4745
437	321	142	10740	2000	10	13	FULL	4	4274
332	248	226	13930	1262	28	34	FULL	2	19563
305	234	175	8712	2000	0	0	FULL	2	23407
427	270	135	8215	1111	10	11	ALL_EDGES	2	2132
381	254	202	13104	2000	24	28	ALL_EDGES	1	30284
349	249	231	14880	2000	0	0	FULL	2	22100
373	275	132	2268	479	0	0	FULL	1	20886
268	280	168	9062	2000	33	40	FULL	2	20069
307	200	235	11527	2000	0	0	FULL	2	15123
483	353	114	5772	1219	0	0	FULL	1	10126
341	335	118	7452	1511	0	0	FULL	2	11180
392	279	141	8726	1125	0	0	ALL_EDGES	7	17188
337	280	197	3293	250	25	27	FULL	1	13364
320	250	156	8087	1197	0	0	FULL	1	18225
370	288	146	930	321	30	28	FULL	2	14040
344	245	160	8532	2000	16	17	FULL	3	17355
478	232	130	7177	1093	34	36	FULL	1	5050
332	256	231	14839	2000	23	19	FULL	4	11494
399	421	116	9945	1111	0	0	FULL	2	19858
345	270	189	1767	421	0	0	FULL	1	3556
335	287	192	12894	1234	40	44	FULL	2	24210
237	158	361	2592	502	0	0	FULL	1	15198
292	206	240	11933	2000	0	0	FULL	1	21424
286	200	306	16240	2000	26	28	FULL	3	879
408	371	116	8820	384	18	21	FULL	1	15036
407	301	143	1382	495	0	0	FULL	1	3078
396	295	141	9223	2000	7	15	FULL	1	948
352	184	223	10570	2600	29	27	FULL	3	12926
288	207	243	12078	2000	27	29	FULL	7	21899
371	299	140	8897	1184	0	0	FULL	1	32516
479	280	108	6583	1043	17	21	FULL	6	29720
325	176	236	10476	2000	0	0	FULL	2	29626
280	172	300	13470	2000	0	0	FULL	2	23080
306	243	208	1612	250	0	0	FULL	1	2538
310	228	191	9733	2360	20	15	FULL	3	7760
281	225	198	9575	2000	20	20	FULL	2	31761
301	245	170	700	250	29	27	FULL	1	1591
341	246	161	8586	2000	0	0	ALL_EDGES	1	15780
257	169	311	5130	749	24	27	FULL	1	24308
340	268	137	2100	455	0	0	FULL	2	15196
308	220	199	9936	2000	0	0	FULL	1	15716
299	236	177	2437	250	0	0	FULL	3	28405
325	235	176	9166	2000	20	14	FULL	1	20685
370	215	194	2697	463	8	6	FULL	2	16477
228	188	314	14067	2000	23	24	FULL	5	21345
409	360	112	8184	837	0	0	FULL	1	9858
302	194	213	2350	250	21	24	FULL	1	31241
381	250	183	11252	2000	0	0	FULL	1	23357
391	360	110	3441	973	0	0	FULL	2	9885
357	215	177	8788	2000	11	10	FULL	7	17934
288	219	230	1218	363	32	33	FULL	2	13966
323	260	184	2061	662	22	30	FULL	4	14688
291	200	267	6122	853	0	0	FULL	1	25838
379	261	157	9315	1154	16	20	FULL	1	217
409	302	118	7351	853	0	0	ALL_EDGES	2	6562
349	236	152	1125	386	0	0	FULL	3	9412
388	278	172	11433	2000	12	15	FULL	1	24942
335	254	171	9570	2000	0	0	ALL_EDGES	2	27591
258	240	281	2590	434	0	0	FULL	1	16361
373	287	164	2922	618	0	0	FULL	3	27948
324	310	155	9920	2314	0	0	FULL	2	20204
409	309	146	4088	523	0	0	FULL	2	2123
321	166	235	1612	585	0	0	FULL	1	10647
308	194	311	3515	284	0	0	FULL	3	2004
414	365	132	3800	488	0	0	FULL	2	25676
347	235	153	2637	748	0	0	FULL	1	13461
405	248	154	4030	250	0	0	FULL	2	12171
278	179	375	2423	528	2	3	FULL	1	28731
413	242	155	8881	895	0	0	FULL	2	13006
330	192	198	8887	2000	0	0	FULL	1	14059
314	266	150	8000	2000	0	0	FULL	3	2787
433	302	111	4785	1110	17	18	FULL	2	1207
383	347	146	11271	1130	0	0	ALL_EDGES	2	17069
319	191	222	10287	2000	0	0	FULL	2	16761
334	257	146	7700	1205	0	0	FULL	1	751
285	155	282	11187	2000	27	30	ALL_EDGES	4	17127
322	218	206	841	753	0	0	FULL	3	803
357	230	176	2987	945	0	0	FULL	2	3146
377	320	145	10150	1167	0	0	FULL	1	24192
355	271	130	7075	1164	0	0	FULL	3	23473
313	209	191	1400	469	37	44	FULL	2	23530
344	230	247	15054	2000	35	32	FULL	3	3309
505	284	101	6235	1195	0	0	FULL	2	14065
300	166	252	10375	2000	0	0	FULL	1	15502
406	290	170	4920	250	18	25	FULL	1	25673
375	273	161	10048	1187	15	19	FULL	1	21652
421	181	255	13923	1415	37	39	FULL	4	6074
332	233	175	9045	2000	0	0	FULL	5	10673
401	297	164	11622	1196	0	0	ALL_EDGES	2	4717
339	236	169	8802	2000	32	30	FULL	3	29373
349	225	197	10726	2000	0	0	FULL	5	6650
384	262	184	2479	424	0	0	FULL	5	22526
408	233	132	6687	854	0	0	FULL	1	30675
460	281	112	6815	2000	13	14	FULL	1	13135
409	269	141	3596	250	0	0	FULL	1	29034
308	228	221	4138	533	0	0	FULL	1	31769
285	240	198	2322	651	0	0	FULL	2	8032
284	200	344	19149	2000	23	21	FULL	2	20996
303	277	208	13230	2000	0	0	FULL	2	15063
360	214	188	9686	1219	0	0	ALL_EDGES	1	32008
320	226	214	1891	484	0	0	FULL	2	21860
285	196	296	15097	2000	26	33	FULL	3	2184
416	294	126	8060	1079	0	0	ALL_EDGES	4	31836
411	359	112	8151	2000	0	0	FULL	2	27521
301	212	227	11469	2000	0	0	FULL	3	1064
464	308	137	4017	509	0	0	FULL	2	10484
522	238	141	1995	457	0	0	FULL	2	18388
435	265	117	3307	1060	0	0	ALL_EDGES	2	21393
404	240	149	8250	1120	2	3	FULL	1	32542
306	224	228	2340	438	0	0	FULL	1	20807
469	383	109	8950	812	0	0	FULL	1	8718
333	234	198	10989	2000	0	0	FULL	1	15670
320	253	240	15366	2000	0	0	FULL	2	30263
418	253	156	9438	1124	0	0	FULL	2	15244
305	207	246	12617	2000	0	0	FULL	2	10127
304	234	175	8737	2000	7	7	FULL	3	31055
320	294	154	9323	2000	0	0	FULL	3	17311
372	281	177	11840	2000	0	0	FULL	3	7614
327	187	285	1085	250	0	0	FULL	1	1781
320	147	266	10325	2000	0	0	FULL	2	11510
395	307	103	1362	443	0	0	FULL	3	31186
359	199	217	11067	2000	28	32	ALL_EDGES	1	26392
453	296	149	10780	831	0	0	FULL	2	6205
373	251	134	7025	1113	0	0	FULL	1	9186
340	232	210	11880	1197	0	0	FULL	2	31833
354	274	150	2436	626	0	0	FULL	3	26494
426	232	136	2268	791	0	0	FULL	2	2777
395	260	141	5031	1302	0	0	FULL	2	18291
305	218	187	8987	1196	0	0	FULL	1	31157
327	212	208	10585	2000	21	24	FULL	1	18983
327	281	168	2077	250	19	20	FULL	7	17603
320	227	214	3983	1067	22	22	FULL	7	5396
280	185	378	20124	2000	21	20	FULL	1	23502
377	233	154	8046	1172	9	4	FULL	4	24618
306	244	168	8525	2000	19	24	FULL	3	19408
482	265	156	2120	383	0	0	ALL_EDGES	4	6727
407	310	155	11251	1152	0	0	FULL	2	4267
502	340	97	6963	723	0	0	FULL	4	23950
349	195	273	14855	2000	0	0	FULL	2	1914
465	307	109	2821	668	9	12	ALL_EDGES	1	24206
361	246	208	12931	1667	0	0	FULL	1	29604
311	240	248	15003	2000	32	34	FULL	2	11141
390	175	198	8883	2000	0	0	FULL	1	937
405	237	130	2037	774	0	0	FULL	3	18214
351	183	194	1912	751	0	0	FULL	1	29727
433	332	101	4770	1302	14	12	FULL	3	2890
364	195	190	9004	2000	0	0	FULL	2	19009
426	237	143	7902	1117	0	0	FULL	1	28740
332	252	161	8707	1196	6	2	FULL	1	4564
314	208	206	688	1033	0	0	FULL	3	4411
366	282	121	6750	2308	0	0	FULL	1	24356
352	271	205	13689	2000	20	21	FULL	1	11515
405	289	149	1942	492	0	0	FULL	2	20107
311	176	284	2588	367	27	27	FULL	2	7829
395	269	174	11414	2000	0	0	FULL	2	5993
386	236	214	2925	726	0	0	FULL	2	25446
363	253	180	10758	1164	0	0	FULL	2	23400
362	291	128	7546	851	0	0	FULL	6	23684
373	222	187	2774	250	18	22	ALL_EDGES	3	1475
331	271	139	4150	1366	0	0	FULL	1	9626
521	350	74	4954	349	0	0	FULL	3	23487
390	300	132	8494	1120	0	0	FULL	2	3986
332	300	201	14300	2000	5	6	FULL	1	3372
380	264	154	9207	1183	10	16	FULL	2	17255
435	209	170	1844	250	40	37	ALL_EDGES	1	276
259	225	247	12774	2000	0	0	FULL	1	4408
288	205	312	17279	2000	22	16	FULL	1	30155
390	303	123	7670	859	9	1	FULL	2	32574
294	213	313	18037	2000	25	22	FULL	2	10949
338	285	161	1891	408	0	0	FULL	1	7252
355	311	131	2494	799	8	10	FULL	2	31659
414	254	148	2821	483	0	0	FULL	1	10788
435	234	162	2607	250	0	0	FULL	2	16082
330	262	230	1340	459	30	31	FULL	1	20421
337	202	227	11640	2000	0	0	FULL	3	6047
329	246	204	11896	2160	0	0	FULL	1	20122
444	317	103	6655	812	17	27	FULL	2	25643
294	273	156	8400	2000	0	0	FULL	2	10416
393	281	150	9537	1130	16	19	FULL	1	21444
282	189	234	10312	2000	0	0	FULL	2	8159
316	242	202	11346	2000	29	28	FULL	1	19129
298	175	298	13950	2000	0	0	FULL	2	15635
272	274	209	12353	1232	0	0	FULL	1	4477
385	230	176	9718	1248	0	0	FULL	4	22878
299	174	240	962	357	0	0	FULL	2	29211
393	303	130	8401	850	17	21	FULL	1	14975
408	285	133	8339	1143	10	12	FULL	2	594
264	187	315	15128	2000	20	18	FULL	1	12877
379	261	201	13460	2000	37	36	FULL	2	30786
407	273	139	8525	1157	29	31	FULL	1	32423
268	166	328	14311	2000	0	0	FULL	1	14078
322	265	217	13875	2600	0	0	FULL	2	14963
379	250	195	12265	1157	0	0	ALL_EDGES	1	10387
340	257	166	9381	2000	0	0	FULL	3	17882
435	288	140	9327	1127	0	0	FULL	6	18858
363	246	218	3666	866	0	0	FULL	1	2827
336	246	200	2937	644	0	0	FULL	2	4203
357	236	173	9338	2600	17	15	FULL	1	25035
382	274	187	5401	467	13	14	ALL_EDGES	1	21014
323	243	159	1425	462	18	16	FULL	2	16196
369	260	162	9563	1194	2	3	FULL	2	16605
319	220	179	8612	2000	31	36	FULL	1	20091
346	257	151	8302	1168	0	0	LONG_EDGES	7	23383
415	309	144	10230	1104	0	0	FULL	2	31316
375	287	135	8149	425	10	12	FULL	1	22532
328	291	162	10090	2000	0	0	FULL	4	7387
402	377	82	5425	250	0	0	FULL	2	10812
310	253	224	1680	541	0	0	FULL	2	31049
358	228	215	12442	2000	23	26	FULL	5	6515
343	210	202	10237	2000	23	23	FULL	1	23542
315	182	253	2349	621	0	0	FULL	2	24221
280	233	236	12896	2000	0	0	FULL	3	26461
402	315	122	8075	1090	10	11	FULL	3	2061
402	248	125	6575	1075	0	0	FULL	6	1670
285	251	175	8987	2000	0	0	FULL	1	30812
347	284	127	7075	873	0	0	FULL	1	3740
432	234	172	10325	1154	0	0	FULL	1	7347
392	281	182	12640	2000	16	22	FULL	4	30036
367	246	194	11725	2000	0	0	FULL	1	17334
338	245	224	13782	2000	0	0	FULL	2	2961
329	294	160	10013	2000	0	0	FULL	4	26078
401	274	168	11155	377	0	0	FULL	2	6143
277	186	242	800	326	30	31	FULL	1	23796
338	218	196	1348	550	0	0	FULL	1	23420
450	251	119	3213	851	12	7	FULL	4	2937
372	169	215	6210	966	0	0	FULL	1	31490
296	230	213	1479	584	0	0	ALL_EDGES	1	14482
281	151	344	14311	2000	0	0	ALL_EDGES	1	8893
423	300	153	10998	1115	0	0	FULL	2	27762
396	337	116	7936	1080	12	13	FULL	3	127
353	269	163	1689	602	0	0	FULL	4	23019
395	287	119	6979	1098	0	0	FULL	2	1403
444	321	137	3237	768	18	20	FULL	6	22250
507	314	122	9126	810	0	0	FULL	2	3468
338	310	120	6975	1132	7	8	FULL	2	22864
327	268	200	4007	348	0	0	ALL_EDGES	2	17646
316	183	267	12896	1234	30	39	FULL	2	455
376	219	237	14196	2000	36	36	FULL	1	12861
412	226	177	10065	891	17	19	FULL	1	19211
350	261	214	13981	2000	0	0	FULL	3	11278
445	292	119	7595	1034	0	0	FULL	1	14585
363	284	189	2164	462	0	0	FULL	3	13242
345	251	156	8424	2000	0	0	FULL	3	18943
393	188	251	1961	592	0	0	FULL	1	12617
306	210	257	13711	2000	0	0	FULL	3	3524
319	195	201	9100	2000	22	20	FULL	2	8060
443	311	134	4236	995	11	11	ALL_EDGES	1	24490
360	238	192	11121	2000	31	33	FULL	1	18335
412	313	120	7905	1100	13	15	FULL	3	23225
327	229	207	11299	2000	8	6	FULL	4	7055
236	206	339	17539	2000	23	28	FULL	6	29476
331	231	203	11129	2000	35	40	FULL	2	22650
342	176	274	13398	2000	0	0	FULL	1	19843
262	218	253	12847	2000	25	23	ALL_EDGES	2	1760
379	259	189	12080	2000	9	14	FULL	1	27865
427	164	222	10323	2000	0	0	FULL	1	177
461	267	126	7688	1040	13	14	FULL	1	6559
348	234	166	3388	250	0	0	ALL_EDGES	2	10248
319	258	200	1567	381	19	26	FULL	1	7800
263	130	453	1069	336	21	27	FULL	2	20227
336	254	182	10509	2000	0	0	FULL	4	26210
376	238	217	4816	250	0	0	FULL	2	3560
297	222	236	12555	2000	30	30	FULL	3	17050
414	272	138	8401	850	10	14	FULL	1	27771
369	243	172	1875	250	17	21	FULL	2	20188
329	283	215	820	306	0	0	FULL	1	30287
323	246	194	11036	2000	0	0	FULL	4	27956
295	230	184	3100	840	21	21	FULL	2	3456
305	231	178	8775	2000	0	0	FULL	2	27080
389	261	172	10815	1371	0	0	FULL	1	10637
465	289	130	2117	641	41	39	FULL	2	2015
314	209	297	17101	2000	0	0	FULL	5	27852
291	278	155	8400	2000	0	0	FULL	3	9139
408	249	133	7249	873	10	11	ALL_EDGES	1	8042
331	165	284	5084	485	0	0	FULL	1	20243
285	219	233	11875	2000	30	29	FULL	1	2046
378	192	213	10710	2000	21	24	FULL	7	14876
470	288	130	3937	981	11	12	FULL	3	31631
321	215	196	3429	250	0	0	FULL	3	1927
309	186	217	9550	2000	0	0	FULL	4	8178
313	266	211	13142	1261	0	0	FULL	3	742
363	290	156	10081	918	0	0	FULL	1	1289
264	179	286	1552	604	0	0	FULL	2	16817
229	165	329	13275	466	0	0	FULL	1	13172
453	299	92	2600	753	0	0	ALL_EDGES	2	27833
303	228	224	1364	513	33	40	FULL	5	6575
369	251	168	9703	1162	37	34	FULL	6	9866
400	239	203	3471	250	0	0	FULL	3	14762
311	233	173	8600	2000	0	0	FULL	1	31724
429	275	140	2392	443	0	0	FULL	1	30183
430	255	142	2805	250	0	0	FULL	2	15250
362	224	215	12372	732	21	20	FULL	1	8722
352	255	139	7350	1175	15	12	FULL	9	14601
398	238	164	9269	1175	0	0	FULL	4	22991
336	271	149	8343	2600	0	0	FULL	1	6381
338	236	231	13967	2000	0	0	FULL	1	29459
438	368	115	7474	795	0	0	FULL	2	19832
358	157	239	10084	2000	0	0	FULL	4	23221
507	387	89	7070	1058	0	0	FULL	1	32482
322	176	238	2835	514	22	25	FULL	2	4701
332	204	259	14035	1285	0	0	FULL	1	19555
338	329	139	9253	1174	0	0	FULL	3	23954
455	282	113	6887	799	0	0	FULL	2	780
320	229	226	12655	2600	0	0	FULL	3	29818
338	239	167	8788	2000	14	13	FULL	2	29291
423	263	157	4270	838	12	14	FULL	1	14325
298	205	253	12927	1273	0	0	FULL	4	3781
301	201	223	1930	250	5	0	ALL_EDGES	2	27911
331	291	140	8167	1158	4	7	FULL	2	18899
339	225	216	12061	2000	0	0	FULL	2	17882
325	189	252	542	345	0	0	FULL	1	6072
354	270	162	3797	250	0	0	FULL	6	28281
441	280	134	4026	836	0	0	FULL	3	6012
309	265	177	1334	528	0	0	FULL	3	20186
272	168	340	15453	2000	0	0	FULL	1	10546
338	229	199	1875	415	12	8	FULL	3	29061
265	178	306	3132	961	0	0	FULL	1	13151
316	211	188	2237	648	0	0	FULL	3	15550
341	206	193	9342	1184	19	16	FULL	2	32218
353	198	237	12342	2000	0	0	FULL	2	4391
453	276	132	3085	684	17	12	FULL	5	16123
331	303	125	2337	864	0	0	FULL	2	11333
508	283	129	4680	587	0	0	FULL	2	11556
457	347	104	2953	641	16	13	FULL	2	11381
310	167	280	12441	2000	5	2	FULL	2	23973
376	276	178	11803	2000	0	0	FULL	2	25509
329	188	251	4262	928	0	0	FULL	1	4990
260	228	263	8881	1512	0	0	FULL	1	1795
290	207	259	13237	1269	28	26	FULL	1	14917
381	275	138	8192	1116	10	5	FULL	1	30526
369	314	151	10447	883	17	18	FULL	1	4633
327	297	139	6885	1209	0	0	FULL	3	23990
314	263	188	11020	1229	28	26	FULL	5	28713
435	348	116	8557	816	0	0	FULL	2	14138
323	217	235	1666	581	0	0	FULL	2	14389
449	255	162	10397	1148	7	13	FULL	3	23519
269	182	254	10950	2000	28	29	FULL	1	8669
347	251	189	11236	1190	0	0	ALL_EDGES	34	18197
277	216	227	1080	488	0	0	FULL	1	14342
342	293	155	9687	839	0	0	FULL	6	6544
298	205	304	5235	250	26	22	FULL	2	17454
290	134	475	4736	881	0	0	FULL	2	24325
352	221	161	7837	2000	18	19	FULL	1	5363
295	197	216	9750	2000	23	23	FULL	2	18231
301	175	256	11272	2000	26	26	FULL	4	30888
416	287	155	10582	850	10	9	CORNERS	2	25528
252	205	241	1500	250	40	44	FULL	2	29485
308	201	218	10368	2000	24	27	FULL	2	28032
487	344	81	5305	440	0	0	FULL	3	25999
358	220	248	1306	340	0	0	FULL	1	12116
316	273	179	10741	2000	22	26	FULL	2	8538
300	285	170	10048	2600	41	42	ALL_EDGES	4	10270
306	220	231	1085	250	0	0	FULL	2	27215
305	195	210	2812	817	31	28	FULL	1	10436
400	264	166	4462	1113	12	14	FULL	2	808
369	226	222	1628	389	33	38	FULL	2	22766
261	238	234	12397	2000	20	24	FULL	2	17269
337	243	226	1461	352	0	0	FULL	5	10881
435	328	116	4158	579	0	0	FULL	2	4572
285	222	244	5285	250	29	33	FULL	1	10659
414	288	122	3422	542	0	0	ALL_EDGES	1	3250
349	251	142	7450	1830	0	0	FULL	3	20015
294	185	265	12441	2000	25	22	FULL	3	18043
378	305	134	8664	1110	14	10	ALL_EDGES	3	18879
423	374	110	3797	973	11	11	FULL	1	3449
323	281	194	12442	2000	7	3	FULL	5	24118
272	199	359	19929	2600	21	23	FULL	1	18723
346	297	141	8627	899	0	0	FULL	2	18276
360	304	151	2920	838	0	0	FULL	3	23050
412	331	143	10783	883	15	21	FULL	2	1702
330	204	231	11826	2000	20	19	FULL	1	21029
295	243	217	12105	2600	30	35	FULL	1	28927
361	251	160	7482	1172	0	0	FULL	2	12316
331	171	221	9337	2000	38	43	ALL_EDGES	1	4768
463	289	131	8802	2000	14	16	FULL	4	845
292	192	277	1302	250	0	0	FULL	6	30610
423	215	192	7927	908	15	14	FULL	1	18362
396	211	173	8917	1180	0	0	FULL	2	27779
386	287	167	11322	1201	10	9	FULL	3	21599
329	228	168	8250	2000	47	47	FULL	1	13230
466	322	143	11244	821	0	0	ALL_EDGES	1	19037
372	310	255	6844	819	0	0	FULL	2	26360
519	418	150	16542	829	0	0	FULL	1	14660
366	221	267	16705	2000	0	0	FULL	1	4456
457	334	193	5959	932	0	0	FULL	1	3449
307	191	402	23923	2000	0	0	FULL	2	2842
387	208	354	11571	1362	22	21	ALL_EDGES	1	32654
353	223	274	17200	1271	0	0	FULL	1	30947
399	295	243	20406	2000	27	24	FULL	1	25075
592	505	85	5635	785	0	0	FULL	2	406
389	258	204	13714	2000	0	0	FULL	2	17313
441	291	183	14100	1176	0	0	FULL	2	2350
429	271	176	12259	1186	7	12	ALL_EDGES	2	21268
392	229	251	16492	2000	29	26	FULL	8	14494
433	305	179	14076	1199	46	46	FULL	2	12702
279	194	379	21217	2000	20	25	FULL	1	32455
