230	165	224	1385	593	0	0	FULL	1	27215
323	162	182	6555	2000	0	0	FULL	4	6334
229	180	255	9922	2000	0	0	FULL	3	14442
185	165	179	4867	2000	28	28	FULL	1	6667
311	248	150	7394	2000	0	0	FULL	3	694
200	154	146	3501	1223	0	0	FULL	1	6137
252	174	262	10534	2000	0	0	FULL	1	3621
250	194	114	3443	2000	11	14	FULL	2	28506
254	180	186	2210	446	23	24	FULL	8	7764
313	219	175	1068	250	0	0	FULL	1	2279
266	189	238	10260	2000	16	14	FULL	3	31563
269	199	103	1094	250	10	4	FULL	1	22908
392	278	78	3638	250	0	0	FULL	4	30403
183	121	204	549	639	42	46	FULL	3	14560
375	239	129	6325	1134	8	11	FULL	2	8081
205	197	135	632	622	38	40	FULL	1	30071
363	215	122	5187	1129	7	16	ALL_EDGES	4	28458
354	240	135	6635	871	15	11	FULL	2	1522
315	268	113	5329	1135	16	17	FULL	2	27108
303	259	134	1459	250	12	12	FULL	2	19000
308	181	214	288	250	23	21	FULL	4	21310
327	233	151	2277	695	0	0	FULL	1	7983
278	217	190	8671	2000	28	33	FULL	2	22873
253	217	174	7182	2000	22	25	FULL	2	5662
283	200	132	922	482	0	0	FULL	2	10986
272	190	221	9407	2000	0	0	FULL	2	29056
410	185	151	6543	1155	0	0	FULL	1	396
317	202	164	5575	1269	0	0	FULL	3	6510
298	160	158	5032	2000	0	0	FULL	2	29037
307	179	136	4642	2000	0	0	FULL	2	9117
270	150	186	5685	2000	35	44	FULL	1	20898
289	214	137	5423	1157	0	0	FULL	2	6348
319	154	194	6802	2600	26	29	FULL	2	10722
391	323	91	5301	1021	15	14	FULL	2	26343
298	253	139	6657	2000	0	0	FULL	1	13760
325	214	165	2610	547	19	25	FULL	1	27775
287	187	158	5814	2000	20	19	FULL	1	20566
340	185	167	6804	2000	0	0	FULL	3	6721
293	189	154	5686	2600	0	0	FULL	1	6512
296	204	140	5414	2000	17	20	FULL	1	30368
309	209	131	1394	250	7	3	ALL_EDGES	2	4956
245	200	154	1455	712	24	27	FULL	2	26677
157	111	258	607	523	0	0	FULL	3	11241
365	199	164	1620	682	3	4	FULL	3	17948
330	266	97	2133	850	12	8	FULL	1	9923
288	197	203	8809	2000	31	41	FULL	1	2116
408	284	99	5405	828	14	15	ALL_EDGES	2	11325
358	217	123	5225	1134	13	15	FULL	1	12518
311	208	132	2482	987	0	0	FULL	1	17513
249	146	151	3932	2000	0	0	ALL_EDGES	2	9305
241	158	144	3905	2000	0	0	FULL	1	27387
265	110	154	3159	2000	0	0	FULL	1	1368
325	209	155	6720	1170	11	11	FULL	1	24833
380	306	99	5566	1059	0	0	FULL	1	25797
197	167	229	5040	2000	0	0	FULL	2	9610
213	89	446	10735	2000	0	0	FULL	1	27274
279	193	213	1817	465	0	0	FULL	1	24867
297	232	167	7946	2000	0	0	FULL	5	17923
190	138	133	2674	2000	0	0	FULL	1	32168
277	175	238	667	322	0	0	FULL	5	24124
261	155	185	5752	2000	0	0	ALL_EDGES	3	22612
300	213	181	8199	2000	0	0	ALL_EDGES	1	31093
286	158	166	5250	2000	41	39	FULL	1	14191
399	192	157	7020	1184	0	0	FULL	1	16248
243	145	100	560	250	0	0	ALL_EDGES	2	15410
320	256	128	4536	1704	0	0	FULL	5	3308
340	227	110	2048	250	0	0	FULL	1	6364
260	192	149	5227	2000	0	0	FULL	2	16780
314	261	146	7584	2000	0	0	FULL	2	22405
313	177	172	6488	1167	19	21	FULL	1	12459
224	162	206	6495	2000	28	32	FULL	1	3767
269	151	185	5677	2000	25	20	FULL	1	3282
236	146	189	1222	700	9	12	FULL	7	26252
295	208	186	8372	2000	33	31	FULL	1	30974
186	153	157	3739	2000	0	0	FULL	1	9312
253	198	169	6349	2000	0	0	FULL	3	196
315	242	151	7371	2000	0	0	FULL	2	32263
287	243	150	7014	2000	0	0	ALL_EDGES	1	4378
320	211	177	1284	605	0	0	FULL	3	11993
251	193	175	6477	2000	0	0	FULL	1	13183
272	174	95	2497	1128	10	15	FULL	4	28223
254	180	163	5505	2000	0	0	FULL	3	12239
280	237	129	5346	2000	6	11	FULL	1	26348
349	208	145	6310	1189	10	13	ALL_EDGES	1	27672
283	177	150	382	318	19	16	FULL	1	13394
289	216	136	5414	1156	0	0	FULL	2	22343
371	210	147	6762	878	3	3	FULL	1	14179
384	206	95	3547	1046	16	17	ALL_EDGES	1	30140
227	132	252	420	411	25	28	ALL_EDGES	2	10329
221	147	259	1436	462	24	31	FULL	2	27888
264	205	139	5017	2444	8	10	FULL	1	31953
266	149	164	474	484	0	0	FULL	1	15540
241	188	122	1677	1014	17	18	ALL_EDGES	2	30538
252	227	201	9315	1288	0	0	FULL	1	16917
180	172	371	3611	675	20	22	FULL	2	10417
273	198	102	1727	250	0	0	FULL	1	21119
303	205	137	5304	2000	19	12	ALL_EDGES	1	22880
291	218	134	5346	2000	40	39	FULL	1	23763
351	239	102	1921	983	11	11	FULL	1	19603
302	227	153	483	268	0	0	FULL	1	29327
264	217	131	4882	2000	0	0	FULL	1	26396
304	229	122	5015	861	10	9	FULL	2	12081
268	152	258	9282	2000	0	0	FULL	1	4046
317	206	145	2061	766	0	0	FULL	1	4802
191	200	118	3244	2000	0	0	FULL	2	26248
383	180	138	2289	560	12	16	FULL	1	5495
213	174	121	495	386	0	0	FULL	1	20549
224	158	298	10762	1310	0	0	FULL	2	4135
256	161	206	6910	2600	32	34	FULL	2	29861
333	264	130	1552	512	0	0	FULL	6	9798
391	174	140	1624	250	8	15	FULL	2	7731
212	149	238	7117	2000	0	0	FULL	1	5894
386	265	113	2426	250	0	0	FULL	5	15067
391	318	93	5336	1015	0	0	FULL	4	25351
258	192	213	787	337	0	0	ALL_EDGES	5	738
205	147	182	1001	865	0	0	ALL_EDGES	5	23499
298	173	224	9062	2000	0	0	FULL	2	23410
218	153	257	1156	250	0	0	FULL	2	29863
351	235	127	5932	890	7	17	FULL	1	8000
311	218	154	6835	2000	17	10	FULL	2	28774
251	136	132	3010	2000	0	0	FULL	6	21220
271	214	129	2542	250	14	15	FULL	1	9584
198	136	205	1215	987	21	27	FULL	5	22186
293	253	155	1702	301	19	22	FULL	1	6434
316	201	166	7014	2000	0	0	FULL	2	28178
340	218	114	4632	1106	0	0	FULL	1	8274
335	255	123	1722	778	7	10	FULL	2	29348
288	246	105	4252	1164	15	18	FULL	1	61
403	267	97	4914	1019	0	0	FULL	2	14352
366	228	90	3540	1034	13	16	FULL	5	8028
267	180	156	1417	497	0	0	FULL	1	16388
269	224	173	7717	2000	0	0	FULL	1	29418
273	234	148	2156	250	0	0	FULL	5	23349
336	240	130	6111	1193	0	0	FULL	1	19174
271	144	141	880	671	19	21	FULL	2	23332
321	221	135	5728	1168	0	0	FULL	3	10898
252	177	258	1391	395	41	43	FULL	2	24377
259	209	158	1555	342	0	0	FULL	3	30476
320	235	154	2001	478	14	17	FULL	1	21954
341	195	128	1632	705	0	0	ALL_EDGES	1	18562
258	202	182	7277	2000	34	32	FULL	3	4088
316	207	145	5966	985	0	0	FULL	6	10889
311	250	58	1872	642	16	16	ALL_EDGES	1	1468
335	177	193	8038	2000	0	0	FULL	2	16005
354	255	94	2082	250	12	19	FULL	4	11237
233	221	166	6545	1270	0	0	FULL	4	6186
249	210	200	8536	2000	27	29	FULL	5	21842
255	163	182	142	250	24	30	FULL	4	3203
240	166	139	3850	1224	0	0	FULL	1	11087
303	205	121	4425	1177	31	30	FULL	2	19013
317	169	159	5567	2000	13	13	ALL_EDGES	2	1717
258	236	189	3208	430	0	0	FULL	4	17325
345	183	189	1788	735	0	0	FULL	1	5815
190	167	173	4741	2000	7	13	FULL	1	22465
266	190	229	3381	250	21	23	FULL	1	1152
307	151	247	9372	2000	31	34	FULL	4	11423
272	175	137	468	482	0	0	FULL	1	25055
300	218	176	2277	250	0	0	FULL	3	12354
278	151	249	493	250	0	0	FULL	13	20183
253	194	214	8746	2000	21	18	FULL	1	1575
269	235	189	9180	2000	0	0	ALL_EDGES	3	12251
237	199	179	6723	2000	5	10	ALL_EDGES	2	11625
234	184	175	5895	2000	23	22	FULL	2	9656
271	246	172	8395	2000	21	26	FULL	2	18075
248	198	153	5407	1234	25	28	ALL_EDGES	1	21132
346	227	108	1929	250	0	0	FULL	1	32334
336	183	186	1184	571	0	0	FULL	2	20245
257	209	158	977	621	38	39	FULL	1	4
327	177	182	7213	2000	0	0	FULL	3	11114
374	262	118	6072	1099	0	0	FULL	2	878
285	186	104	3113	1140	0	0	FULL	1	1338
279	256	119	5176	1162	0	0	FULL	3	1502
248	114	123	525	733	0	0	FULL	2	7620
283	194	137	4830	2000	0	0	FULL	7	2695
339	203	137	5643	1170	0	0	FULL	1	8554
276	139	195	5752	2000	27	26	FULL	1	30087
268	148	138	3652	2000	18	17	ALL_EDGES	1	18300
281	278	121	2451	878	17	18	FULL	2	15420
319	168	214	2990	250	0	0	FULL	1	10440
332	174	182	7161	2000	21	17	FULL	2	21168
232	145	163	4202	2450	22	18	FULL	1	19307
238	159	119	549	250	0	0	FULL	1	12380
425	243	111	5589	1061	26	28	FULL	2	16754
248	189	181	6621	1274	46	42	FULL	1	2072
404	260	109	2668	250	11	13	FULL	2	27339
271	210	184	7896	2000	29	25	FULL	1	6784
408	291	88	4672	2000	0	0	FULL	2	10397
275	206	185	850	735	26	28	FULL	14	27689
345	156	158	3629	810	16	18	FULL	2	5756
290	186	120	3256	1153	0	0	FULL	7	6102
231	159	313	11891	2000	23	24	FULL	1	21148
279	227	135	5474	2000	17	24	FULL	6	29361
284	209	126	2970	250	15	18	FULL	2	24368
286	165	159	5152	1217	0	0	ALL_EDGES	4	6594
252	183	141	4485	2000	21	23	FULL	1	32133
315	214	96	3386	1102	0	0	FULL	2	20738
301	220	114	4312	852	0	0	FULL	5	3943
294	185	212	989	369	32	36	ALL_EDGES	1	11914
393	245	99	4531	1061	0	0	FULL	1	5099
418	193	142	2507	754	0	0	FULL	1	14229
205	194	139	550	576	0	0	FULL	3	23091
317	120	277	8872	2000	28	26	FULL	1	10009
419	275	105	3840	1048	14	10	FULL	1	4303
200	90	251	4491	1300	23	19	FULL	1	8258
256	169	265	5807	1009	0	0	FULL	2	26800
351	283	116	6221	324	11	10	FULL	1	29926
221	172	197	6397	2000	0	0	ALL_EDGES	5	16219
271	236	165	7518	2000	0	0	FULL	1	11689
282	160	190	6375	2000	35	39	FULL	1	1620
240	160	196	6150	2000	10	6	FULL	1	22957
290	140	257	630	250	30	34	FULL	1	24666
292	207	157	760	354	20	24	FULL	1	15245
251	162	183	1860	250	25	27	FULL	2	15998
331	225	128	5519	1133	8	7	ALL_EDGES	1	13437
261	188	214	325	250	0	0	FULL	1	1034
334	172	149	5270	2000	0	0	ALL_EDGES	1	29512
230	151	245	1139	678	23	21	FULL	1	2638
308	236	117	535	304	0	0	FULL	3	4939
275	177	174	221	250	27	30	ALL_EDGES	3	25958
230	169	192	6210	2000	0	0	FULL	2	32097
291	176	205	882	363	32	35	FULL	1	2659
298	202	192	2311	250	24	22	FULL	1	25906
264	140	175	4842	2211	32	33	FULL	1	13304
482	223	98	4536	1295	15	18	FULL	4	18098
278	159	216	2517	1103	25	19	FULL	1	10529
353	237	90	2175	250	0	0	ALL_EDGES	1	17531
371	238	131	2012	833	8	8	FULL	2	17932
315	186	145	5355	2000	13	18	FULL	2	20532
240	151	206	6285	1301	0	0	FULL	2	28986
313	221	173	8220	2000	45	38	FULL	1	2132
387	227	130	2012	470	0	0	FULL	2	25848
412	250	111	5669	1037	0	0	FULL	2	24974
294	210	154	6355	2000	0	0	FULL	2	24553
245	182	101	2695	1176	0	0	FULL	2	22843
344	199	153	6520	2000	0	0	FULL	3	14609
269	200	83	994	801	0	0	FULL	1	1425
264	175	251	10097	2000	19	24	FULL	1	7850
277	230	102	3698	2000	0	0	FULL	1	681
238	167	213	7267	2000	0	0	FULL	2	7401
291	170	193	1282	1778	0	0	FULL	2	20643
276	180	232	9556	2000	0	0	FULL	1	8790
376	375	81	5117	2000	15	12	FULL	4	20952
246	175	221	8132	2000	43	51	FULL	2	28400
318	200	133	5117	1179	17	16	FULL	4	28140
184	115	165	2996	1257	24	23	FULL	2	7255
392	203	144	2403	758	0	0	FULL	5	15890
331	202	157	6699	2000	0	0	FULL	2	13540
251	142	237	1088	258	0	0	ALL_EDGES	1	3685
316	189	92	1963	1154	15	21	FULL	12	30618
332	191	149	1539	590	0	0	FULL	2	15944
201	139	162	3667	2000	26	31	FULL	2	22255
214	153	229	1402	250	0	0	FULL	1	19800
333	193	163	3622	1422	0	0	FULL	2	25589
423	236	120	2616	987	0	0	ALL_EDGES	1	7403
245	161	216	7216	2000	29	28	FULL	1	31105
331	323	108	6175	839	9	5	FULL	1	31838
308	268	91	3855	832	0	0	FULL	2	22121
360	255	125	6359	1137	0	0	FULL	6	10186
213	148	335	11623	1352	21	24	FULL	1	25215
340	190	116	4117	880	0	0	FULL	3	8920
359	214	150	2599	250	0	0	FULL	1	3989
370	231	123	2373	799	11	19	FULL	2	20643
242	144	129	3028	2000	0	0	FULL	3	18113
302	217	145	817	534	0	0	FULL	2	32613
299	238	119	807	396	0	0	FULL	2	4677
278	177	213	8368	2000	0	0	FULL	1	9898
299	165	112	3146	1181	10	14	FULL	2	2582
352	171	175	6856	2000	0	0	ALL_EDGES	4	32217
237	154	124	3006	2000	0	0	FULL	1	7820
320	309	117	2196	676	0	0	FULL	1	569
360	249	128	920	366	0	0	FULL	2	24751
323	194	72	697	572	0	0	FULL	2	18839
279	229	70	2146	1019	17	21	FULL	2	22202
338	248	113	5158	1149	10	9	FULL	1	1840
319	267	112	1824	693	9	9	FULL	6	8664
289	190	118	3874	1184	15	20	FULL	3	21197
281	238	156	7213	1014	0	0	FULL	3	11685
241	131	174	4257	2000	0	0	FULL	1	24513
353	230	117	1586	250	0	0	FULL	2	21921
467	318	64	3420	250	19	19	FULL	3	15766
256	151	168	4816	2000	26	33	FULL	1	6637
254	153	295	11086	917	0	0	FULL	2	29160
258	140	124	2889	2000	0	0	FULL	1	20979
207	179	95	2198	2000	0	0	FULL	2	19456
277	218	140	977	606	18	13	FULL	1	16628
349	254	118	5743	1108	7	13	FULL	3	27930
264	210	171	7001	2000	38	43	FULL	4	15675
286	269	150	7682	2000	0	0	FULL	3	13976
284	210	175	1764	250	0	0	FULL	1	7073
318	168	178	6545	2000	24	27	FULL	3	25506
259	183	254	10692	2000	0	0	FULL	4	14288
221	164	180	5317	2000	28	30	FULL	7	24666
280	193	221	1908	444	0	0	ALL_EDGES	1	13020
304	245	74	2585	787	0	0	FULL	2	28131
530	245	89	4542	691	0	0	FULL	5	12782
316	202	187	1392	250	39	41	FULL	1	21345
238	157	202	2460	250	23	22	FULL	1	28398
234	226	161	6434	1239	0	0	FULL	2	29394
308	221	125	5040	1146	0	0	FULL	1	15529
229	191	170	1927	469	0	0	FULL	5	24638
297	105	241	967	656	0	0	FULL	2	30075
259	119	242	1027	250	0	0	FULL	7	18870
314	252	146	7268	2000	0	0	FULL	2	16463
263	205	222	852	338	0	0	ALL_EDGES	1	31277
313	162	238	9528	2000	0	0	FULL	1	20421
259	209	175	2061	250	25	25	FULL	3	6550
311	198	155	2489	1115	13	15	FULL	2	3658
265	147	141	3701	2000	20	19	FULL	2	24568
359	243	98	4207	820	16	11	FULL	1	28838
213	124	207	4884	2438	0	0	FULL	1	23165
278	211	144	1105	657	0	0	FULL	1	28240
227	215	174	459	405	0	0	FULL	1	24235
310	189	145	5389	2000	0	0	FULL	4	18699
231	143	137	3181	2000	33	34	FULL	1	8461
247	172	270	10775	2000	0	0	FULL	1	23965
187	153	156	3721	2000	20	26	ALL_EDGES	2	6676
332	205	169	3427	1200	0	0	FULL	1	6382
276	196	120	3991	2000	0	0	FULL	1	27979
298	247	128	5804	1224	0	0	FULL	3	27701
332	304	104	5533	1109	42	42	FULL	1	709
267	145	194	405	326	0	0	FULL	3	3756
319	171	119	2548	1283	15	14	FULL	3	5225
235	203	222	4116	1570	30	33	FULL	1	28165
312	202	119	4327	330	0	0	FULL	1	28992
323	194	184	7992	2000	0	0	FULL	4	27735
301	200	141	5397	2000	0	0	FULL	2	8235
370	316	90	4935	1358	13	15	FULL	5	18577
310	216	158	6919	2000	0	0	FULL	2	15829
303	190	130	4575	908	18	15	FULL	2	8271
448	211	111	4977	2277	0	0	FULL	1	30595
218	140	146	3366	2000	28	26	FULL	5	28437
216	167	317	12339	1395	0	0	FULL	1	4362
183	152	127	2660	2000	0	0	FULL	2	20493
232	166	142	3949	2600	0	0	FULL	4	4708
241	240	129	5062	2000	0	0	ALL_EDGES	3	28370
221	194	151	643	250	0	0	FULL	1	11732
273	251	124	5321	2000	0	0	FULL	2	30761
309	231	105	4102	1131	10	10	FULL	2	10722
324	213	175	8124	2000	0	0	FULL	2	17827
221	139	277	8474	2000	21	25	FULL	2	3538
260	128	134	2988	2000	0	0	FULL	3	29237
241	188	188	6825	2000	0	0	FULL	1	16504
297	200	144	5474	2600	0	0	FULL	1	4664
291	228	173	8142	2000	0	0	FULL	3	14218
271	207	133	4867	1162	0	0	ALL_EDGES	10	18821
362	235	100	4233	1075	16	10	FULL	3	18227
275	281	148	7774	2000	0	0	FULL	2	30991
217	138	382	13409	1428	0	0	FULL	3	28143
313	181	150	5448	1205	0	0	FULL	2	21401
280	160	169	435	250	0	0	FULL	1	9687
264	225	143	2176	573	19	20	FULL	1	30697
352	274	119	3185	1180	16	23	FULL	1	6386
300	158	201	703	336	31	36	ALL_EDGES	4	2658
320	223	118	4845	1167	40	42	FULL	1	31673
286	184	218	9142	2000	28	31	FULL	5	32299
259	231	125	4837	2000	0	0	FULL	2	18386
201	149	150	3537	2000	39	38	FULL	1	17724
247	174	199	1045	350	24	28	FULL	3	10982
306	215	128	5134	958	14	19	FULL	3	29307
164	131	208	1228	250	24	24	FULL	1	6991
390	234	93	3961	1037	14	18	FULL	2	8060
359	158	202	7946	2000	20	15	FULL	1	29102
328	171	188	640	250	30	28	FULL	1	21389
291	215	120	4485	1151	0	0	FULL	6	12630
245	186	164	5610	2000	0	0	FULL	1	10084
306	237	145	6709	2000	13	15	FULL	1	6002
264	191	128	4192	2000	0	0	FULL	1	15803
270	202	174	6973	2000	21	25	FULL	4	22943
301	233	135	5918	2000	0	0	FULL	1	28
253	177	189	6689	2000	0	0	FULL	1	28981
288	243	93	3471	1094	16	20	FULL	2	10787
306	223	125	374	250	28	33	FULL	2	31351
320	257	115	5348	1149	0	0	FULL	2	27492
311	186	164	3249	1110	19	18	FULL	2	17042
251	241	75	1030	975	0	0	FULL	4	22737
300	140	179	5317	2000	0	0	FULL	2	9769
309	193	160	1805	499	19	20	FULL	3	31170
299	208	184	8280	2600	0	0	FULL	1	23954
334	232	123	5396	1131	0	0	FULL	2	3751
305	201	154	6251	1214	0	0	ALL_EDGES	4	5404
358	210	152	6980	898	0	0	FULL	2	27666
305	178	175	6612	2000	16	19	FULL	5	25797
251	191	197	2698	982	0	0	FULL	2	23905
302	256	155	7944	1169	18	20	FULL	1	26653
319	181	164	6298	2000	0	0	FULL	1	23846
297	192	132	1155	250	0	0	FULL	1	12203
263	174	99	783	468	0	0	FULL	4	25940
323	207	127	3357	1515	0	0	FULL	1	22236
229	164	226	739	394	33	34	FULL	4	20630
320	191	172	1081	383	0	0	FULL	3	32367
323	178	131	4455	1159	7	4	ALL_EDGES	2	12986
276	166	142	4309	2000	0	0	FULL	4	31677
352	250	131	6555	1145	0	0	FULL	2	19591
274	171	225	8620	2000	4	9	FULL	8	32748
333	152	148	4650	2000	0	0	FULL	2	5190
296	162	157	5032	2000	38	38	ALL_EDGES	1	24064
348	216	139	6205	1143	0	0	FULL	1	2295
301	228	152	1449	250	4	3	FULL	1	19700
183	144	133	864	250	0	0	FULL	1	1286
265	214	202	3381	1745	22	23	FULL	1	31904
307	212	176	8015	2000	46	49	FULL	3	2642
336	213	119	1428	790	0	0	FULL	3	25315
234	177	109	2848	2000	18	23	FULL	4	27441
314	210	114	1740	548	0	0	ALL_EDGES	1	25745
290	197	202	529	268	0	0	FULL	1	9672
315	241	151	2242	720	10	14	FULL	1	29281
260	182	158	5370	2000	5	3	FULL	4	6204
303	158	218	8116	2000	21	21	FULL	1	101
328	220	118	4777	1148	0	0	FULL	2	19248
374	240	116	5523	1107	16	23	FULL	1	1136
361	196	134	5415	1156	0	0	FULL	1	4814
317	249	95	3885	852	0	0	ALL_EDGES	5	25079
413	247	93	4303	2000	0	0	FULL	6	245
192	108	217	2142	1050	0	0	FULL	1	13099
270	210	151	5848	2000	34	32	SHORT_EDGES	1	27596
416	275	105	5724	2313	0	0	FULL	1	20959
274	151	205	6681	2000	32	36	FULL	1	5006
247	188	97	2632	867	0	0	ALL_EDGES	4	8465
405	280	101	1587	542	0	0	FULL	2	5683
305	193	76	2142	1060	28	33	FULL	1	29
233	177	183	6045	2000	0	0	FULL	1	13029
245	174	153	4706	1211	0	0	FULL	2	31248
344	231	119	1995	758	10	18	ALL_EDGES	2	16238
419	273	101	5370	1059	0	0	ALL_EDGES	2	23729
356	290	82	3901	1039	17	20	FULL	4	25352
319	245	134	6342	1205	0	0	FULL	1	13014
222	188	156	4972	2000	30	30	FULL	3	25182
311	180	116	3718	895	0	0	FULL	3	28695
346	230	132	6058	1164	0	0	FULL	1	26710
302	190	131	4597	1190	0	0	FULL	1	11082
252	231	198	9257	1235	24	26	FULL	2	2835
218	162	156	451	505	0	0	FULL	3	7939
178	143	176	427	566	0	0	FULL	1	14555
214	204	264	11385	2000	0	0	ALL_EDGES	3	20110
211	187	292	540	314	21	22	FULL	1	21598
270	225	140	5661	1207	0	0	FULL	4	28653
249	169	203	6961	2000	0	0	FULL	6	18192
311	151	159	2152	1200	18	25	ALL_EDGES	2	30368
282	196	82	2290	1077	10	13	FULL	2	8308
225	205	207	1273	531	21	29	FULL	2	6844
319	248	95	3862	1117	0	0	FULL	4	11664
215	173	94	444	674	0	0	FULL	2	1496
480	333	75	4608	422	29	29	FULL	3	13259
214	157	312	11224	2000	20	21	FULL	12	25180
235	188	148	1248	250	0	0	FULL	5	26127
313	228	119	1751	509	0	0	ALL_EDGES	2	4953
330	254	102	2456	1231	0	0	FULL	1	6175
235	164	143	3938	2000	22	27	FULL	1	3089
242	174	131	3723	493	0	0	FULL	1	8010
345	220	138	6205	1167	0	0	FULL	1	27373
313	220	167	3208	978	13	15	FULL	5	7607
270	265	162	2668	250	0	0	FULL	1	7113
228	128	154	535	480	40	40	FULL	6	14700
284	255	146	1648	593	0	0	ALL_EDGES	1	31537
360	179	132	4819	1176	0	0	ALL_EDGES	2	4494
243	193	181	6681	681	0	0	FULL	2	2098
282	202	203	8901	2000	24	28	FULL	1	24149
301	150	255	9591	2000	0	0	FULL	2	27669
341	238	143	6923	1191	0	0	FULL	2	2607
264	137	263	8521	1261	0	0	FULL	3	30575
243	129	112	2208	1188	2	4	FULL	1	8424
297	227	141	6061	2000	18	16	ALL_EDGES	1	25924
281	135	251	8113	2000	0	0	FULL	1	32728
307	218	179	8424	2000	0	0	FULL	1	25936
277	150	181	1095	567	5	10	FULL	3	22397
318	218	165	1483	517	0	0	FULL	2	23482
277	172	243	9729	2000	21	25	FULL	1	12912
256	209	122	799	250	0	0	FULL	3	26857
348	215	153	7095	2000	0	0	FULL	2	25182
257	151	168	4810	2600	0	0	FULL	1	18411
246	139	277	2289	1033	0	0	FULL	3	30819
195	128	180	265	292	30	29	FULL	2	19773
303	250	112	4836	309	0	0	FULL	3	10765
236	154	263	978	387	0	0	FULL	1	21266
341	193	174	7590	2000	0	0	FULL	2	2765
240	159	144	3916	1193	0	0	FULL	2	22965
255	179	99	2614	1180	0	0	ALL_EDGES	4	1265
346	281	118	6302	854	0	0	FULL	4	13443
276	143	216	6834	2000	7	9	FULL	2	15557
268	221	127	4792	1169	0	0	FULL	2	21206
308	233	132	5785	881	0	0	FULL	3	7665
292	180	219	3208	377	0	0	FULL	2	16032
312	219	153	6814	2000	0	0	FULL	2	463
314	203	118	2400	663	0	0	FULL	2	15868
340	252	111	5101	2125	0	0	FULL	1	13783
340	174	203	2376	729	0	0	FULL	1	19805
254	116	253	6735	2000	0	0	FULL	5	16546
339	104	185	546	250	20	24	FULL	2	818
279	198	118	3939	1159	12	13	FULL	2	16484
344	272	90	892	571	0	0	ALL_EDGES	2	3217
244	222	213	9729	2000	0	0	FULL	3	12646
337	237	145	7015	1211	0	0	FULL	1	15239
174	129	199	4306	1350	0	0	FULL	2	10633
279	170	158	5190	2000	0	0	FULL	2	24807
300	276	139	3070	904	0	0	FULL	5	16055
227	181	110	454	370	0	0	FULL	4	15198
272	217	144	731	250	0	0	FULL	7	30663
284	158	167	2497	1120	0	0	ALL_EDGES	1	24092
353	260	82	3442	1029	0	0	FULL	3	1504
204	182	122	1395	595	20	18	FULL	1	32104
213	142	150	3442	2000	25	29	FULL	1	31262
342	238	129	6027	1149	0	0	FULL	1	7156
281	216	198	9192	2000	0	0	FULL	1	29484
277	202	152	1258	520	23	22	FULL	3	11070
329	185	139	5151	888	0	0	FULL	2	22799
253	201	187	7429	2000	0	0	FULL	1	4985
192	151	190	896	250	21	22	FULL	1	9733
286	214	197	9096	1264	0	0	FULL	3	25808
189	152	263	7845	2000	0	0	FULL	1	1370
381	265	114	5945	1119	11	5	ALL_EDGES	2	15059
305	224	139	5947	2435	0	0	FULL	1	2227
298	153	208	7248	2000	0	0	FULL	2	2711
264	248	114	4582	882	16	18	FULL	1	18367
228	161	231	7701	2000	0	0	FULL	1	24291
244	139	252	671	510	21	14	FULL	1	1254
297	202	158	1548	458	0	0	FULL	2	8439
268	242	185	9096	2000	0	0	ALL_EDGES	1	5061
234	233	173	7438	2600	0	0	FULL	2	16255
344	179	187	7808	2000	21	26	FULL	1	28126
311	245	151	7417	2000	18	20	FULL	9	10541
306	217	143	1558	473	0	0	FULL	3	11709
305	208	182	793	328	0	0	FULL	5	2920
312	239	222	12688	2000	35	40	FULL	1	23107
504	373	82	1038	470	17	18	ALL_EDGES	1	29243
384	306	115	1971	555	0	0	FULL	1	10197
524	302	104	7062	675	17	25	ALL_EDGES	3	3403
496	358	87	6277	531	0	0	FULL	2	5628
312	201	247	12524	2000	0	0	FULL	2	17727
439	263	161	10489	865	0	0	FULL	2	21003
381	236	222	14040	1621	0	0	FULL	3	20601
314	256	155	8137	414	0	0	FULL	2	5964
366	162	312	15466	1300	0	0	FULL	5	5676
513	337	107	6493	1442	0	0	FULL	2	7949
338	255	202	12442	1205	0	0	FULL	2	25113
457	343	99	372	250	0	0	FULL	1	5284
376	246	188	11445	2000	0	0	FULL	1	12228
365	310	136	8866	1147	17	19	FULL	1	19475
274	188	320	15939	2000	7	10	FULL	2	21010
267	198	254	1971	374	0	0	FULL	1	14016
380	212	218	12197	2000	0	0	FULL	3	22530
397	354	132	4162	781	0	0	FULL	1	6171
440	254	148	3135	846	9	9	FULL	3	32689
374	234	177	2960	869	18	15	FULL	3	3745
400	258	131	7276	1088	0	0	FULL	5	14091
381	251	162	3952	250	12	17	FULL	1	13105
393	316	133	9009	1096	12	12	FULL	2	22273
373	271	153	2666	804	0	0	FULL	2	28737
347	285	156	9672	2000	0	0	FULL	4	4897
345	255	165	9309	2000	14	15	ALL_EDGES	3	1525
290	198	217	9850	2000	0	0	FULL	4	23111
372	313	125	7902	1094	0	0	FULL	1	24271
390	215	232	13806	2000	0	0	ALL_EDGES	5	28240
341	229	172	8505	2000	0	0	FULL	3	21719
304	207	277	15085	1285	0	0	ALL_EDGES	2	28128
312	278	167	9787	2000	0	0	FULL	1	5619
357	262	133	7137	1158	0	0	FULL	1	23861
379	271	160	9982	1158	14	18	FULL	1	725
341	232	159	7912	2000	0	0	FULL	1	2454
329	260	170	9628	2000	37	41	FULL	1	27044
301	223	246	2640	250	26	27	FULL	1	6765
270	203	301	3927	827	0	0	FULL	2	17638
301	254	217	12754	2000	0	0	FULL	1	30425
392	238	145	7695	893	0	0	FULL	2	2855
333	221	223	12342	2000	34	41	FULL	1	19055
358	206	197	9903	2000	25	24	FULL	3	23802
413	164	288	14859	2000	0	0	ALL_EDGES	1	8806
359	255	169	3224	250	0	0	FULL	2	29774
354	295	149	1503	384	18	16	FULL	2	14647
413	332	142	10744	881	14	18	FULL	3	17792
364	207	205	10710	2000	21	23	FULL	1	31798
309	237	198	2914	770	0	0	FULL	1	20258
357	296	147	2371	566	6	6	ALL_EDGES	1	28567
334	275	180	11170	2000	0	0	FULL	2	3587
533	207	123	6183	1007	0	0	FULL	1	25948
342	240	238	14839	2000	28	24	FULL	1	12501
340	297	153	9672	2000	0	0	FULL	1	12134
480	221	189	11720	1150	0	0	FULL	1	20099
371	328	111	6979	1075	11	11	FULL	4	3434
500	270	123	7771	1044	0	0	FULL	5	26139
373	263	189	12173	2000	0	0	FULL	2	20398
388	233	171	9563	1596	9	9	FULL	1	13139
392	222	201	2100	250	19	18	FULL	1	22820
306	272	186	11098	2000	0	0	FULL	2	1519
311	142	283	10762	2000	0	0	FULL	2	26890
282	191	289	14089	2000	0	0	ALL_EDGES	2	27644
281	202	328	17852	2000	25	26	FULL	1	26640
446	299	139	9731	1108	6	11	ALL_EDGES	2	18478
429	247	174	11007	1207	18	20	FULL	1	325
338	232	197	10881	2000	20	18	FULL	2	1238
316	172	230	9725	2000	0	0	FULL	1	462
328	247	241	15210	2000	0	0	FULL	2	7734
284	227	241	12927	2000	0	0	FULL	1	12449
353	278	148	8743	2000	9	4	FULL	3	8067
432	214	211	12616	1173	18	18	ALL_EDGES	1	25374
475	307	86	5125	250	0	0	FULL	1	12694
408	274	112	6200	1051	0	0	FULL	1	28516
304	220	300	2460	648	0	0	FULL	2	12016
395	313	141	9800	1157	0	0	FULL	1	1315
335	283	142	8181	1183	0	0	ALL_EDGES	2	2533
377	240	160	8801	1196	0	0	ALL_EDGES	2	18324
385	245	206	2028	383	0	0	FULL	5	15616
267	224	208	1100	531	0	0	FULL	2	28210
310	260	179	10135	2000	0	0	FULL	2	26596
371	257	173	10444	608	8	6	FULL	2	4032
356	213	204	10788	2000	32	33	FULL	1	28288
302	236	217	11966	2000	29	29	FULL	1	11724
439	287	123	7765	1057	0	0	FULL	1	10028
379	186	192	8883	2000	0	0	FULL	2	18938
554	241	139	4791	571	12	15	FULL	1	27681
282	218	205	9700	2000	0	0	ALL_EDGES	3	4639
349	271	175	4290	250	0	0	FULL	2	942
341	187	242	11919	2000	0	0	FULL	1	27625
370	226	209	2082	393	0	0	FULL	3	29151
577	354	86	6212	1148	17	19	FULL	7	20603
410	232	142	1836	521	9	3	FULL	5	16006
323	245	235	14374	2000	31	36	ALL_EDGES	1	380
403	329	147	11037	2000	34	39	FULL	4	2406
350	270	143	8046	1172	0	0	ALL_EDGES	3	6345
268	218	318	2867	407	25	26	FULL	1	18843
306	255	161	8362	2000	19	22	FULL	2	27152
347	249	144	1250	566	0	0	FULL	1	19293
300	250	180	9598	2000	0	0	FULL	1	9814
301	183	262	812	294	0	0	FULL	2	6299
332	299	166	10807	2000	15	9	FULL	1	23609
310	196	206	9325	2000	0	0	FULL	2	6855
280	251	220	1937	413	0	0	FULL	1	885
353	180	213	2416	250	0	0	FULL	3	32629
334	224	193	1015	471	0	0	FULL	3	32026
404	264	146	8726	420	4	10	FULL	2	3103
333	269	184	11302	2000	0	0	FULL	2	4827
331	272	139	1500	250	15	20	FULL	3	292
485	376	109	9080	800	16	19	FULL	2	30680
319	273	143	7775	2000	16	14	FULL	2	26488
340	246	210	12617	2000	0	0	FULL	3	23817
291	145	345	2450	637	24	26	FULL	1	19137
327	286	176	3910	1052	12	10	FULL	2	21014
338	256	214	1128	309	0	0	FULL	9	32325
509	344	111	8716	1005	0	0	FULL	1	9361
358	301	135	8337	1127	0	0	ALL_EDGES	4	22934
354	202	203	1116	350	0	0	FULL	1	5483
440	346	115	5372	1031	0	0	FULL	5	21574
340	129	375	15526	2000	0	0	FULL	1	25513
347	254	221	1716	372	0	0	FULL	1	28434
325	216	206	10585	2000	23	25	FULL	1	4462
469	218	161	9091	2000	14	21	FULL	1	8514
309	177	228	9775	2000	0	0	ALL_EDGES	2	5115
337	239	192	10757	2000	0	0	FULL	2	25290
540	344	84	2309	250	5	6	FULL	1	3823
410	259	175	3533	250	0	0	ALL_EDGES	3	5141
290	189	228	1012	355	32	37	FULL	1	14728
295	240	219	4309	954	0	0	FULL	5	11599
390	219	228	13708	2000	0	0	FULL	3	2562
361	215	200	10617	2000	20	16	FULL	1	12852
387	243	133	2150	821	0	0	FULL	2	10778
399	307	151	10656	880	0	0	FULL	4	1629
351	212	260	15288	2000	0	0	FULL	1	3235
269	193	260	11947	2000	0	0	FULL	1	7815
321	271	179	8060	1292	0	0	FULL	1	27654
371	171	244	1798	250	0	0	FULL	1	3344
377	224	207	3132	250	0	0	FULL	1	14480
325	258	184	4247	413	0	0	FULL	2	24404
348	290	143	8671	1210	13	17	FULL	2	7129
369	313	126	7960	1155	36	39	FULL	2	32095
256	222	221	10500	2000	0	0	FULL	3	8049
406	304	126	8137	1128	26	26	ALL_EDGES	1	27149
343	292	154	9656	2000	0	0	FULL	1	14717
385	241	216	2040	584	0	0	FULL	1	17250
312	203	309	17472	2000	26	27	FULL	2	30439
390	288	138	3177	722	10	5	FULL	4	2897
296	234	224	1209	289	0	0	FULL	2	15019
262	172	343	15779	2000	21	24	FULL	3	8652
282	178	288	8482	1471	26	27	FULL	3	25091
311	236	272	16920	2000	10	10	FULL	4	11571
306	146	281	10812	2000	23	28	FULL	1	19370
425	304	97	1337	436	0	0	FULL	1	19361
350	223	251	15054	1183	0	0	FULL	2	24756
334	221	169	8225	2000	0	0	ALL_EDGES	5	27376
266	167	326	1479	250	0	0	ALL_EDGES	2	21631
317	256	192	11067	2000	0	0	FULL	2	7183
372	319	156	1961	279	17	14	FULL	1	8223
448	286	152	3471	668	8	15	ALL_EDGES	2	16732
