328	245	118	5339	1113	0	0	FULL	2	2660
290	257	127	5852	921	12	16	FULL	2	17793
248	210	182	7410	2000	1	5	FULL	3	32472
268	229	139	5652	2000	0	0	FULL	1	32157
231	155	126	3064	2600	0	0	FULL	1	12513
207	155	265	8568	797	0	0	FULL	1	20743
283	108	147	2997	2600	0	0	FULL	1	1552
228	188	198	2847	250	0	0	ALL_EDGES	2	21218
311	152	179	5933	2000	0	0	FULL	3	25340
224	149	164	4284	2000	0	0	FULL	1	383
378	230	109	3078	682	14	15	FULL	3	10722
341	223	151	4002	250	0	0	FULL	3	20001
199	82	214	619	805	8	7	FULL	1	3688
392	295	91	2730	573	16	19	FULL	2	19837
307	205	183	8165	2000	0	0	FULL	1	20724
357	151	195	7150	1214	0	0	FULL	3	18045
339	204	166	7452	1162	0	0	FULL	1	14707
367	234	134	6509	1129	11	7	FULL	1	32347
285	214	140	5516	2000	14	17	ALL_EDGES	1	16668
407	239	119	5876	813	11	13	FULL	1	21628
384	303	103	5904	1079	0	0	FULL	1	25118
294	143	227	2612	379	22	28	FULL	2	19147
461	229	109	1242	448	0	0	FULL	2	11725
226	165	174	5187	2000	29	33	FULL	1	6232
352	273	89	2397	948	0	0	FULL	8	6053
295	210	187	8383	2000	0	0	FULL	2	12582
310	218	140	1292	692	11	3	ALL_EDGES	1	16079
217	184	113	427	250	19	23	ALL_EDGES	1	3603
283	190	196	2394	532	0	0	FULL	1	26324
313	209	115	1275	468	8	9	FULL	2	27342
363	200	89	3061	805	13	16	FULL	1	9958
306	163	210	7948	2000	0	0	FULL	1	32584
237	161	224	7446	2000	0	0	FULL	2	3228
180	126	198	567	644	44	41	FULL	2	26949
341	202	109	3990	1114	0	0	ALL_EDGES	3	13224
263	163	199	6723	2600	30	35	FULL	2	13227
257	214	211	9441	2000	0	0	FULL	1	10925
261	194	168	6247	2000	0	0	FULL	1	17921
289	209	174	7486	913	30	34	FULL	2	12434
321	242	148	1564	250	0	0	FULL	4	25450
321	159	225	230	275	26	29	FULL	1	12494
339	161	119	3620	850	0	0	FULL	2	27616
340	231	121	5310	1122	0	0	CORNERS	1	17046
191	126	188	4018	558	21	21	FULL	1	7996
268	178	178	6341	2000	0	0	FULL	3	14595
329	270	107	5101	1097	0	0	FULL	1	10416
209	120	376	11191	2000	0	0	FULL	2	20856
333	262	86	3615	2000	0	0	FULL	1	13644
251	99	181	3487	2000	0	0	FULL	1	17097
217	183	189	1200	469	0	0	FULL	1	4736
265	230	139	5695	2000	0	0	FULL	1	31035
300	256	150	4186	250	0	0	FULL	1	2624
367	228	102	4233	1065	15	21	ALL_EDGES	3	18847
278	185	204	3286	654	0	0	ALL_EDGES	1	3213
263	199	86	567	250	45	47	FULL	5	19900
245	176	104	2727	879	4	4	FULL	2	10230
297	144	268	2196	697	0	0	FULL	1	22358
296	225	113	4335	1130	0	0	FULL	1	23181
220	154	163	4317	2000	31	39	FULL	2	7553
382	173	160	6321	1215	7	9	ALL_EDGES	1	11042
238	227	83	841	671	9	6	ALL_EDGES	1	31928
274	194	216	9269	2000	15	20	FULL	1	23881
189	168	237	7477	2000	0	0	ALL_EDGES	7	27259
257	212	157	969	452	0	0	FULL	1	18608
304	220	127	756	924	15	19	FULL	1	6026
271	201	82	909	707	10	13	FULL	1	14865
279	209	162	6659	2000	0	0	ALL_EDGES	1	5704
243	163	164	4888	2000	0	0	FULL	1	10817
254	166	178	5730	2000	0	0	FULL	2	27110
376	136	225	8165	530	0	0	FULL	1	27061
286	227	100	877	687	0	0	FULL	1	26891
260	105	238	5616	2000	3	7	FULL	6	7912
293	192	134	1672	489	11	15	FULL	1	11327
226	160	181	1365	461	22	28	FULL	2	8133
367	271	75	3255	721	17	15	FULL	1	9182
263	121	174	1155	706	0	0	FULL	4	16442
443	242	107	3507	1016	14	18	FULL	2	26627
353	196	123	4700	883	0	0	FULL	6	26753
241	212	224	2001	250	0	0	FULL	1	28866
224	191	176	6037	2000	24	19	FULL	1	1726
246	212	219	9809	2000	25	22	FULL	4	14837
240	205	173	6570	2000	0	0	FULL	1	16667
267	150	210	2405	250	0	0	FULL	3	14118
326	241	108	4607	1102	0	0	FULL	2	12185
313	243	125	1396	447	5	10	FULL	2	15484
360	190	124	4683	1112	11	18	FULL	1	17924
349	211	102	3840	1113	16	16	FULL	1	32141
218	160	101	2205	2000	16	15	FULL	1	29214
257	150	169	1540	250	0	0	ALL_EDGES	6	14831
262	173	233	8946	2000	0	0	FULL	1	10800
323	178	201	8314	2000	0	0	FULL	1	19984
298	227	96	3471	1083	0	0	FULL	6	14303
297	182	140	1132	565	0	0	ALL_EDGES	3	1168
307	242	161	8028	2000	0	0	FULL	1	18372
352	222	122	5244	1137	13	15	FULL	2	1071
250	210	161	6247	1204	30	36	FULL	5	20388
326	201	145	5880	2000	4	5	FULL	2	29108
364	222	149	732	250	0	0	FULL	1	24440
270	163	171	5467	2000	24	28	FULL	2	5331
421	237	96	4322	1014	16	16	FULL	11	5776
219	187	110	2943	2000	18	21	FULL	3	19270
298	192	166	6536	2000	19	22	FULL	1	26467
257	197	89	1021	542	0	0	FULL	1	10877
388	263	93	4436	785	15	24	FULL	2	25757
361	250	133	6816	1130	0	0	FULL	2	20345
264	223	161	332	250	0	0	FULL	3	10887
206	121	262	6526	2000	0	0	FULL	1	4955
254	178	189	306	250	28	26	FULL	2	19591
264	163	199	6715	2000	40	44	ALL_EDGES	1	9638
293	269	57	895	719	16	19	FULL	2	15935
324	218	92	3282	402	0	0	FULL	1	8616
276	206	132	4807	2000	4	1	FULL	3	2145
327	257	126	6090	1155	0	0	FULL	1	25762
303	216	130	1674	871	10	10	FULL	4	10629
419	224	122	2518	520	0	0	FULL	2	21144
344	167	148	3502	1605	0	0	FULL	3	31877
387	291	103	3565	1302	0	0	FULL	1	18304
355	215	150	6969	888	0	0	FULL	1	25910
249	166	109	1089	567	12	17	FULL	1	23053
248	227	186	8284	2000	0	0	FULL	1	14845
281	156	171	5370	2000	27	28	FULL	4	21579
346	204	148	1312	498	0	0	FULL	1	19784
320	253	142	2737	845	0	0	FULL	1	3707
261	211	136	4995	2000	0	0	FULL	1	16992
311	220	153	2016	496	18	16	FULL	1	18878
331	187	153	6004	2600	0	0	FULL	3	15951
361	193	136	5453	852	15	16	FULL	3	5105
210	151	270	1088	660	0	0	FULL	14	2058
274	180	152	5137	2000	19	20	FULL	4	2204
405	271	105	5554	796	0	0	FULL	3	16258
270	152	279	1656	698	26	27	FULL	1	28804
255	148	199	6015	2000	0	0	FULL	1	27324
307	238	102	4072	1104	8	9	FULL	3	23714
299	184	155	3502	1587	0	0	FULL	1	5800
256	218	117	4082	2000	0	0	FULL	4	32250
343	245	101	4369	1071	12	18	FULL	3	15904
353	288	83	2618	634	14	15	FULL	6	24073
371	148	190	6951	2000	0	0	FULL	1	20018
273	173	160	1282	786	0	0	FULL	1	23769
243	201	154	465	540	24	24	FULL	6	9557
228	165	228	433	305	27	27	FULL	1	8456
222	145	293	9699	2000	20	27	FULL	3	28691
282	225	149	6374	2000	0	0	FULL	2	9664
231	170	266	1417	306	25	27	FULL	3	2318
278	228	133	1147	702	0	0	ALL_EDGES	4	22483
344	236	129	6027	1126	15	20	FULL	3	11806
277	169	139	1267	694	0	0	FULL	1	12896
236	178	131	3773	2000	0	0	FULL	2	32564
331	216	118	4760	887	8	5	FULL	2	12817
283	229	85	962	250	16	13	FULL	4	27736
328	183	158	2185	828	17	18	FULL	6	26766
297	191	131	4635	2000	7	8	FULL	1	2513
304	169	146	4822	2077	0	0	FULL	1	10435
238	176	227	8360	2000	0	0	FULL	3	20568
321	211	155	6751	2000	8	11	FULL	3	26276
293	228	128	1232	547	0	0	FULL	1	16028
246	160	115	2857	2000	15	16	FULL	1	25437
315	223	135	5795	1211	0	0	FULL	1	11523
242	156	304	11488	2600	0	0	FULL	2	19491
311	232	159	7601	2600	0	0	FULL	2	11521
279	236	130	5372	2000	15	16	FULL	2	8226
257	197	168	6298	2000	0	0	FULL	1	16540
286	197	214	9456	912	0	0	FULL	1	487
324	191	138	5159	2000	47	48	FULL	2	22491
285	196	188	283	250	0	0	FULL	2	19730
202	175	211	6885	2000	0	0	FULL	1	4012
191	145	200	5049	2000	0	0	FULL	2	9258
311	169	219	1069	250	0	0	ALL_EDGES	4	10732
335	190	133	4998	1176	7	12	FULL	2	499
346	282	97	4769	1069	14	11	FULL	1	5803
327	200	176	7785	1200	24	23	ALL_EDGES	3	14553
302	184	135	1222	599	0	0	FULL	3	23522
386	163	136	4726	1164	11	16	FULL	4	27692
231	145	164	4229	2000	0	0	FULL	1	32120
300	211	181	8199	2000	0	0	FULL	1	18414
351	220	136	6111	856	12	15	ALL_EDGES	1	5271
205	126	175	3762	2000	6	6	FULL	1	31600
305	209	133	1232	541	5	4	FULL	1	8719
250	169	224	8132	2000	0	0	FULL	5	3486
369	245	127	6336	1113	0	0	FULL	2	583
272	157	199	6621	2000	0	0	FULL	2	24842
255	207	104	3272	1207	31	36	ALL_EDGES	1	30732
266	262	93	3607	1152	0	0	FULL	1	18083
330	197	178	7785	2000	0	0	FULL	3	19979
508	410	50	882	365	0	0	FULL	5	30361
239	167	189	6052	2000	0	0	FULL	1	12462
320	232	128	5614	1179	0	0	FULL	3	17630
256	128	260	1538	250	0	0	FULL	2	19722
314	182	148	5414	2000	0	0	ALL_EDGES	2	15038
234	147	131	3100	2000	0	0	FULL	4	28610
242	183	169	5722	651	27	31	FULL	3	19859
317	191	172	1711	761	0	0	FULL	2	16024
262	205	159	6069	1231	25	29	FULL	4	16721
268	208	207	9188	1283	0	0	FULL	2	26838
266	224	92	3041	840	0	0	FULL	1	31252
310	261	105	4649	1347	0	0	FULL	4	10829
318	186	160	6232	2000	0	0	FULL	2	29882
400	258	82	3697	2000	15	16	FULL	3	30564
301	230	137	798	355	15	14	ALL_EDGES	1	25659
217	143	209	5746	2000	0	0	FULL	1	11297
311	204	150	2869	250	0	0	FULL	2	23389
403	251	114	2610	250	11	13	FULL	1	6641
314	177	208	8556	2000	29	34	FULL	3	31720
294	231	124	1904	959	0	0	FULL	3	29486
325	210	139	5776	890	16	22	FULL	1	15636
263	221	95	1320	1021	17	17	FULL	1	22238
250	185	227	9030	1259	0	0	FULL	3	14207
341	180	186	7843	2000	21	22	FULL	3	20853
335	260	132	2162	250	9	7	FULL	1	7960
258	123	269	7794	2000	0	0	FULL	2	18494
332	255	136	2403	250	0	0	FULL	3	2016
233	180	132	3817	1221	0	0	FULL	6	13342
245	185	143	4569	2000	40	43	ALL_EDGES	1	26089
263	169	101	1485	250	0	0	FULL	2	30104
294	243	63	1989	988	0	0	FULL	5	1811
301	200	174	7350	2000	0	0	FULL	1	17993
334	189	167	6867	2000	16	21	FULL	1	27828
255	226	201	9269	2000	0	0	ALL_EDGES	4	26789
258	207	140	1192	583	0	0	FULL	1	8539
275	154	270	10258	2000	0	0	FULL	3	21412
307	251	149	1610	424	0	0	FULL	4	21233
273	195	216	3783	250	22	19	ALL_EDGES	2	14050
199	130	136	2639	2080	0	0	FULL	1	7666
179	157	125	367	426	0	0	FULL	6	3646
332	187	168	2541	821	19	16	ALL_EDGES	2	31552
310	191	194	8337	1248	21	21	FULL	1	26420
282	177	171	1394	603	7	7	CORNERS	1	24397
305	190	199	8487	2000	0	0	FULL	1	15037
326	222	145	1690	611	0	0	FULL	4	23485
358	201	90	1735	922	13	14	FULL	2	14218
237	141	315	2982	953	23	22	FULL	1	23841
300	186	205	8694	2000	0	0	ALL_EDGES	6	8163
183	154	264	300	250	0	0	FULL	1	24131
350	130	185	340	365	19	17	FULL	2	30720
314	200	191	8592	2000	0	0	FULL	1	20468
366	217	144	6739	1138	0	0	FULL	4	945
186	123	239	753	250	24	28	FULL	2	17718
253	174	103	724	346	0	0	ALL_EDGES	4	19049
315	116	206	5542	2000	22	28	FULL	3	2054
284	227	179	8360	2000	21	21	FULL	1	9361
274	184	89	2412	1130	0	0	FULL	5	7201
360	252	83	2272	1228	0	0	FULL	1	3846
286	182	124	3984	1178	14	14	FULL	2	26609
278	220	90	2953	1131	0	0	FULL	2	24517
281	260	143	1249	250	0	0	FULL	3	30507
275	95	325	1011	393	0	0	CORNERS	4	27030
277	203	169	722	1198	25	25	FULL	2	9948
321	237	124	1529	460	7	9	FULL	1	18952
315	236	154	7452	2000	18	16	FULL	3	12108
359	246	119	1911	488	9	10	FULL	2	9006
327	161	162	5533	2000	0	0	ALL_EDGES	2	30207
309	210	115	1365	848	0	0	FULL	3	3568
260	158	206	6859	1224	0	0	FULL	1	20452
277	250	122	5253	2000	10	10	FULL	1	8664
283	257	103	4245	479	0	0	FULL	1	22470
332	261	122	1354	406	0	0	FULL	2	7810
250	161	112	2794	2000	18	19	FULL	2	25436
209	149	113	2373	2000	22	22	FULL	2	14862
385	203	83	2892	2000	15	15	FULL	7	9666
229	140	109	2236	2000	15	11	FULL	1	3445
359	248	84	3472	799	0	0	FULL	1	19518
218	141	245	1725	829	0	0	FULL	5	18795
240	129	145	207	250	0	0	FULL	1	6648
257	178	163	922	399	0	0	ALL_EDGES	2	12717
217	186	233	978	380	0	0	FULL	1	10775
239	188	190	697	506	32	34	FULL	1	9811
264	140	230	1317	771	0	0	FULL	2	4340
349	215	87	747	460	38	44	FULL	3	20784
310	283	109	5282	1163	16	14	FULL	2	10580
361	237	122	1354	426	0	0	ALL_EDGES	1	25637
355	199	170	7680	2000	0	0	ALL_EDGES	2	22760
329	263	52	373	801	0	0	FULL	4	13771
283	237	112	1282	468	0	0	FULL	2	540
227	174	113	2943	2000	39	44	FULL	2	9675
236	137	200	5421	1065	0	0	ALL_EDGES	2	1049
308	185	201	8498	2000	6	11	FULL	2	25372
382	249	111	5344	821	0	0	FULL	1	6509
307	205	152	6184	2000	0	0	FULL	1	8671
287	203	129	1455	861	9	12	FULL	2	12608
286	180	184	6973	2000	24	29	FULL	4	9766
285	196	206	1138	416	0	0	ALL_EDGES	2	1503
295	222	115	4380	893	17	19	FULL	3	22324
225	171	196	6337	2400	26	22	FULL	2	25910
214	119	176	3703	2000	31	36	FULL	2	27051
391	213	91	3442	1029	17	18	FULL	1	8868
274	196	214	9234	2000	0	0	FULL	1	17760
374	256	110	5376	1069	17	15	ALL_EDGES	1	20442
336	226	112	4615	1138	0	0	FULL	3	30809
297	142	202	6409	2000	0	0	FULL	2	10417
167	131	439	13319	2000	19	21	FULL	2	8528
320	254	141	7107	2000	0	0	FULL	3	8883
393	245	99	4522	1050	0	0	FULL	1	15113
316	251	145	7233	2000	17	24	FULL	1	4564
318	262	115	2536	250	0	0	FULL	1	502
190	136	135	602	805	8	4	ALL_EDGES	2	16040
272	215	196	8889	2000	0	0	FULL	1	18947
295	166	172	5975	636	0	0	FULL	2	4259
243	173	107	2776	2000	14	17	FULL	1	11228
372	302	102	1495	502	0	0	FULL	1	16378
229	176	112	2916	2000	18	21	FULL	2	66
297	161	219	8211	2000	0	0	FULL	1	9686
255	120	244	6607	2000	28	27	FULL	1	29297
227	152	218	6622	2000	28	31	FULL	2	29339
331	210	137	5700	1212	14	9	FULL	1	1111
210	185	193	1215	462	24	22	FULL	2	16353
311	246	151	7417	2000	0	0	FULL	1	11210
320	189	173	7119	2000	0	0	FULL	1	28273
317	265	101	1649	860	0	0	FULL	2	8575
239	182	126	3690	2000	21	26	FULL	4	30288
385	304	81	4180	986	0	0	FULL	3	30447
312	209	177	7969	2000	21	19	FULL	1	13336
376	181	154	1743	458	7	8	FULL	1	1054
242	142	247	7726	2000	27	28	FULL	3	3570
314	229	132	5728	1192	10	8	FULL	3	23924
371	226	101	4207	1050	0	0	ALL_EDGES	2	16689
240	150	125	891	250	19	19	FULL	1	2975
233	135	144	499	620	0	0	FULL	5	29585
212	153	229	1140	250	23	25	FULL	4	14109
242	149	125	1246	600	0	0	FULL	2	22642
213	169	181	5427	2000	0	0	FULL	1	4459
327	230	152	2311	250	0	0	ALL_EDGES	1	32454
377	208	121	5073	1127	0	0	FULL	2	4751
296	180	141	4792	2000	14	14	FULL	2	30007
222	152	222	6750	2000	0	0	FULL	3	23160
265	211	170	6963	1513	26	27	FULL	3	17109
242	151	96	903	1092	12	17	FULL	1	29208
242	133	263	1334	589	0	0	FULL	2	13546
250	190	180	6570	2000	0	0	FULL	1	17853
212	177	173	5323	2000	0	0	FULL	1	8800
326	200	130	2346	250	0	0	FULL	1	7422
240	183	126	3674	2000	19	22	FULL	3	22019
322	157	149	4732	2000	0	0	FULL	2	25930
325	172	207	8406	1214	22	26	FULL	4	14583
224	170	300	11833	2000	9	9	FULL	2	28624
213	151	265	8449	2000	0	0	FULL	5	586
242	205	131	1410	261	19	23	FULL	3	20241
254	220	206	2495	312	29	34	FULL	4	25295
276	186	206	8253	2000	0	0	FULL	1	18009
316	282	95	1725	907	10	12	ALL_EDGES	2	32202
283	175	171	1011	647	40	47	FULL	3	16149
257	198	147	5220	2000	0	0	FULL	4	16770
323	247	144	1058	556	0	0	FULL	2	32585
522	208	96	4347	250	16	14	FULL	1	13981
291	131	300	10488	1306	0	0	ALL_EDGES	1	2321
285	213	139	5508	2000	0	0	FULL	1	22377
270	94	177	3334	2000	0	0	ALL_EDGES	1	19650
224	182	184	6157	464	0	0	FULL	11	387
304	214	130	1351	746	17	7	FULL	2	5993
294	211	154	6346	2000	0	0	FULL	2	1651
236	142	134	972	538	0	0	FULL	1	30549
326	198	116	2145	250	0	0	FULL	2	22841
209	125	134	1221	1142	24	32	FULL	2	2824
274	229	192	4188	1177	0	0	CORNERS	3	6870
169	138	320	825	799	19	25	FULL	2	2489
202	174	214	825	250	0	0	FULL	1	10154
253	219	171	1491	593	22	28	FULL	1	427
257	173	259	10384	2000	0	0	FULL	5	30149
263	141	281	9744	1299	24	27	FULL	4	24628
230	190	194	7063	2000	0	0	FULL	1	23180
265	176	204	7581	2000	30	30	FULL	1	26979
290	149	221	7533	2000	20	22	FULL	2	9523
361	245	130	1449	401	0	0	FULL	9	23311
316	152	178	5865	2000	0	0	ALL_EDGES	4	16705
207	177	123	3181	2000	0	0	FULL	1	16051
279	210	180	7717	1192	26	25	FULL	4	24942
314	241	73	1628	1256	0	0	FULL	1	17630
306	200	122	4425	499	0	0	FULL	3	21841
299	186	153	5618	2000	6	6	FULL	3	23576
387	342	87	3772	1083	14	21	FULL	5	22221
244	226	100	3289	1198	0	0	FULL	3	19565
229	199	253	1598	436	4	12	FULL	1	26876
219	172	145	610	448	0	0	FULL	1	25257
315	135	270	9637	2000	21	21	FULL	2	20022
287	205	195	1058	358	33	38	FULL	1	31461
362	279	113	6072	833	0	0	FULL	3	6073
294	218	133	306	347	0	0	FULL	5	17112
266	141	119	2803	2000	0	0	FULL	5	23779
362	251	94	4105	1037	0	0	FULL	3	38
313	194	188	2277	261	27	28	FULL	1	21116
253	189	136	793	417	0	0	FULL	2	7629
257	207	159	6137	1186	0	0	FULL	6	9893
168	137	197	751	781	24	26	ALL_EDGES	1	17930
369	225	102	4233	1054	7	9	FULL	2	26542
278	176	154	2797	1475	20	21	FULL	4	22103
272	206	134	772	250	18	22	FULL	3	13539
344	246	135	6739	1162	0	0	FULL	2	31133
383	248	90	2618	634	0	0	FULL	1	28953
267	182	134	4257	2000	17	14	FULL	5	22631
151	104	223	3762	2488	0	0	FULL	1	6392
228	170	220	7514	2000	0	0	ALL_EDGES	2	23459
357	240	123	2247	749	0	0	FULL	3	30975
245	209	205	8694	2000	10	8	ALL_EDGES	2	9866
259	157	110	2736	1161	0	0	FULL	4	13272
304	173	142	1845	837	12	17	FULL	1	32217
202	127	215	5087	1285	26	28	FULL	1	17425
356	254	116	5638	1119	0	0	ALL_EDGES	3	6180
194	169	259	1062	483	0	0	FULL	1	24996
236	233	192	8578	2000	0	0	FULL	2	1660
334	281	128	1944	780	0	0	FULL	2	16033
284	154	148	4335	2000	0	0	CORNERS	1	28114
235	197	141	4621	2000	0	0	FULL	3	31358
268	184	172	6239	2000	0	0	FULL	2	904
229	147	134	3163	2000	0	0	FULL	1	13947
328	189	137	5108	1178	3	2	FULL	1	27629
385	199	98	1132	451	0	0	FULL	4	28046
282	191	194	7948	2000	0	0	FULL	1	4041
329	232	150	7210	1163	3	12	FULL	2	14323
264	209	209	4554	1295	0	0	FULL	2	29654
388	254	117	5957	1066	0	0	FULL	1	15312
239	148	324	4266	1141	0	0	FULL	1	26377
347	259	128	6543	1166	0	0	FULL	1	31583
350	219	150	2656	250	0	0	FULL	5	16957
293	201	162	6498	1180	0	0	FULL	2	21381
351	235	104	1054	652	0	0	FULL	1	5569
229	129	118	2324	2000	10	16	FULL	2	15891
273	180	193	7286	717	0	0	FULL	1	30311
248	113	268	6990	596	22	22	FULL	3	526
331	214	120	4785	1172	0	0	FULL	5	18176
210	175	123	3163	2000	0	0	FULL	5	14258
269	185	130	4192	2000	8	6	ALL_EDGES	2	4934
286	169	176	6120	1246	22	22	FULL	5	15660
273	204	153	5865	2000	0	0	FULL	2	32555
345	250	133	2794	1063	0	0	FULL	1	6000
343	237	130	1386	427	2	2	FULL	1	10825
282	197	189	7864	2000	0	0	ALL_EDGES	1	8998
295	208	195	8928	2000	24	24	FULL	3	27302
293	186	174	6716	2000	0	0	FULL	4	28828
278	182	168	6069	2000	0	0	ALL_EDGES	2	4250
274	218	126	4717	1164	0	0	FULL	1	31266
183	160	187	308	250	26	29	FULL	1	2163
257	219	204	9303	2000	7	9	FULL	2	28727
338	194	160	2730	883	15	18	FULL	2	24759
298	205	171	997	675	0	0	FULL	3	7754
340	224	98	3817	1109	14	14	FULL	1	19052
288	246	134	6004	2000	0	0	FULL	4	21858
292	227	113	4365	2000	0	0	FULL	1	29450
301	210	135	5287	465	0	0	FULL	4	16118
362	289	110	2288	510	10	14	FULL	1	32057
299	182	101	3003	1152	0	0	FULL	4	7857
305	159	217	8074	2000	0	0	FULL	4	31305
217	166	126	846	250	0	0	FULL	1	2084
246	174	267	2564	782	0	0	FULL	1	18841
322	161	163	5593	2000	0	0	FULL	1	8181
271	194	219	908	501	0	0	FULL	2	10022
203	188	118	3159	2000	25	24	FULL	2	19847
287	205	144	5567	2000	0	0	FULL	4	5745
304	203	105	3588	873	0	0	FULL	2	23558
260	192	209	8536	2000	24	27	FULL	1	26670
350	223	148	6957	1182	0	0	FULL	2	13191
255	209	140	825	393	0	0	FULL	1	17496
246	139	249	960	615	38	40	FULL	1	20741
324	244	132	6258	1208	0	0	ALL_EDGES	4	3941
337	199	97	3302	1075	0	0	FULL	3	826
185	128	232	1056	491	0	0	FULL	1	17998
342	158	212	1828	266	0	0	ALL_EDGES	2	29388
357	219	122	4227	1133	0	0	FULL	1	12986
271	213	147	5780	2000	0	0	FULL	3	5092
253	203	165	2363	965	0	0	FULL	1	31294
245	196	114	803	450	0	0	FULL	2	20054
184	149	273	3765	2109	0	0	FULL	2	19768
237	166	115	2907	2000	0	0	FULL	1	13415
306	202	187	552	250	0	0	FULL	4	22407
213	185	217	7709	1265	26	28	ALL_EDGES	7	13345
271	170	164	5347	2000	0	0	FULL	2	29110
399	248	96	3866	250	15	16	FULL	2	11688
261	173	188	1326	574	0	0	FULL	1	18722
355	271	78	3360	1036	16	15	ALL_EDGES	2	24988
400	264	109	2794	859	0	0	ALL_EDGES	2	8673
282	214	140	5542	2000	14	16	FULL	2	7947
219	166	152	742	413	0	0	FULL	3	22493
297	223	129	5210	1214	0	0	FULL	1	7166
259	206	177	7182	1886	30	31	FULL	1	30911
241	139	104	2142	919	0	0	FULL	3	25282
239	156	202	2422	490	27	32	FULL	1	7697
345	252	133	2035	250	0	0	FULL	4	725
249	141	214	6292	2000	22	27	FULL	1	15863
307	200	138	5287	2000	17	16	FULL	1	2734
316	203	133	1700	506	10	10	FULL	1	2081
205	163	134	3334	488	0	0	FULL	1	25466
339	189	187	8220	2000	3	9	ALL_EDGES	2	16165
314	238	153	1207	434	0	0	FULL	2	21695
397	203	143	6463	1136	14	16	FULL	1	27605
259	118	279	7913	2000	2	7	ALL_EDGES	1	2500
238	164	244	988	445	0	0	FULL	1	29067
482	235	101	5037	1005	18	21	FULL	2	14172
229	127	222	5765	1141	0	0	FULL	1	23551
344	230	108	4479	369	12	12	FULL	1	29368
398	278	95	4903	1504	14	13	FULL	1	21630
318	218	108	4102	1119	0	0	FULL	5	17534
227	135	213	5681	2000	27	25	FULL	2	6859
231	140	262	8092	2000	25	21	FULL	1	31311
433	266	91	3948	1221	15	15	FULL	2	9579
351	175	186	7728	2000	20	15	FULL	1	26446
299	203	156	6336	2000	0	0	FULL	2	23536
219	122	319	9086	2000	0	0	FULL	1	13656
228	152	101	259	250	31	31	FULL	1	21634
259	208	196	8316	2000	29	29	FULL	3	18989
226	176	113	117	370	0	0	FULL	1	7211
198	121	187	117	250	24	24	FULL	3	11585
332	249	102	4454	864	0	0	FULL	3	30821
304	286	132	1966	250	0	0	FULL	4	7837
211	175	121	247	415	19	22	FULL	2	13204
296	171	149	1732	1002	18	18	FULL	1	30470
294	182	141	1185	782	0	0	FULL	3	14970
280	211	177	7654	1250	0	0	FULL	1	32258
248	197	92	2569	1180	4	7	FULL	1	15054
220	153	221	6765	2000	27	24	FULL	1	29518
289	198	184	1186	250	0	0	FULL	4	25887
266	190	229	736	307	0	0	ALL_EDGES	1	4202
348	220	151	7038	883	6	14	FULL	1	29466
264	176	204	7590	2000	27	29	FULL	2	21018
274	195	158	314	347	0	0	FULL	3	13097
251	196	131	4342	2000	0	0	ALL_EDGES	1	20784
406	294	96	5336	799	17	17	FULL	2	21974
217	164	211	6660	2000	0	0	FULL	3	14788
255	179	98	2614	1144	0	0	FULL	2	2386
374	211	146	6704	857	0	0	FULL	3	396
264	199	124	1163	846	18	17	FULL	2	2604
314	217	155	1879	250	18	22	FULL	3	11994
263	158	109	2700	1200	0	0	FULL	1	32478
313	210	114	4237	315	0	0	FULL	2	31665
286	150	129	3432	1149	13	15	FULL	1	5824
312	166	165	1113	322	30	32	CORNERS	2	17711
246	218	122	3308	895	0	0	FULL	1	15116
282	219	170	7486	1181	0	0	FULL	2	25261
348	251	120	5796	1125	10	9	FULL	1	29525
296	204	140	2397	650	0	0	FULL	1	21794
248	206	148	720	569	34	32	FULL	8	17764
272	213	146	1717	913	0	0	FULL	3	29713
293	208	157	6412	2000	19	19	FULL	4	19978
359	236	142	7044	2000	7	6	FULL	1	32234
336	220	101	3892	1088	13	16	ALL_EDGES	3	17795
353	238	89	2887	671	0	0	FULL	3	3418
248	185	120	693	250	44	48	FULL	3	31938
290	214	121	4507	1154	0	0	FULL	8	7356
352	190	172	1253	250	0	0	FULL	1	5170
403	165	181	1404	399	0	0	FULL	1	29528
281	209	178	1123	431	0	0	ALL_EDGES	2	3824
377	166	103	1495	1028	11	17	FULL	2	1811
295	265	147	7509	1188	0	0	FULL	2	26131
237	163	221	765	528	33	26	FULL	1	9695
267	206	137	630	369	0	0	FULL	4	7992
320	202	147	5985	1140	16	14	FULL	2	30863
316	203	148	1719	482	0	0	FULL	2	16322
265	211	169	760	362	0	0	FULL	3	3095
330	219	145	2961	977	13	17	FULL	1	9658
253	165	229	8160	2000	0	0	FULL	2	29614
256	212	138	1192	467	0	0	FULL	1	28977
286	168	115	3250	1190	0	0	FULL	2	2929
254	202	185	959	419	0	0	ALL_EDGES	1	20942
250	175	218	731	344	0	0	FULL	2	28308
280	229	132	1122	685	0	0	FULL	6	32325
326	218	106	4020	1096	37	37	FULL	1	30552
297	256	152	7590	2000	0	0	FULL	1	31265
370	188	136	5396	1178	7	9	FULL	5	12966
368	259	121	2909	1106	12	8	FULL	2	8301
192	153	153	981	776	11	11	ALL_EDGES	1	21552
292	242	163	2484	770	20	19	FULL	1	9312
282	203	166	427	335	0	0	FULL	1	1754
275	197	223	9792	2000	0	0	FULL	2	22170
351	239	89	3600	1033	13	13	FULL	5	12610
288	199	210	9336	2000	0	0	FULL	3	28505
294	206	124	1470	516	0	0	FULL	1	11427
290	162	245	9579	2000	21	18	FULL	1	25751
365	273	95	4607	1049	0	0	FULL	1	20696
321	239	110	4683	1101	0	0	FULL	3	30979
220	165	179	799	250	23	20	FULL	2	1588
222	162	208	1215	462	0	0	FULL	6	1705
316	206	162	2110	711	18	15	FULL	2	9371
302	198	175	735	344	21	21	FULL	2	20069
275	217	92	2986	851	0	0	FULL	1	26538
314	228	132	5738	2000	0	0	ALL_EDGES	3	16620
319	206	175	3519	280	0	0	FULL	2	20067
322	251	105	4564	1142	0	0	FULL	1	32678
235	189	79	1907	1140	0	0	FULL	2	25369
176	109	234	319	479	0	0	FULL	2	13886
251	212	178	7305	762	0	0	FULL	2	25727
335	224	127	5472	1127	17	18	FULL	1	9076
377	313	97	5554	812	0	0	FULL	3	32029
212	131	344	10678	2000	2	5	FULL	2	737
302	224	81	2706	346	9	11	FULL	2	10268
341	214	116	3060	736	15	15	ALL_EDGES	1	30728
306	206	119	4380	1183	0	0	FULL	2	27269
309	254	152	2676	250	15	17	FULL	1	7044
210	100	404	10319	2000	20	22	FULL	3	21106
349	175	139	5015	1142	0	0	FULL	1	15230
322	217	172	8100	2000	0	0	FULL	1	495
248	137	191	5180	2000	28	31	ALL_EDGES	3	25047
310	199	154	6203	1188	0	0	FULL	1	9509
470	258	95	4393	433	0	0	FULL	1	5771
203	191	193	285	250	28	27	ALL_EDGES	1	23473
266	228	123	4732	907	0	0	FULL	1	21408
263	188	233	1771	591	24	30	FULL	2	2252
302	196	194	8452	2000	23	28	FULL	1	335
217	179	219	7675	2000	0	0	FULL	2	12266
298	189	98	319	250	16	19	FULL	2	30881
314	219	123	4972	1149	6	10	FULL	6	9515
248	165	209	595	339	0	0	FULL	1	16160
344	215	128	5424	1146	6	7	ALL_EDGES	2	31108
237	149	267	9015	2000	0	0	FULL	2	17296
363	196	134	1624	464	0	0	FULL	2	12744
382	247	101	4636	1063	16	13	FULL	7	18317
289	226	115	4425	1142	7	12	FULL	2	26677
219	184	235	8825	2000	0	0	ALL_EDGES	3	30920
353	295	110	4082	563	17	22	FULL	2	5062
356	207	156	7072	1228	0	0	FULL	2	570
355	178	166	6657	2000	0	0	FULL	3	12741
280	170	158	5182	2000	0	0	FULL	1	12481
278	202	134	4822	2000	0	0	FULL	4	4973
341	260	209	9120	950	0	0	FULL	2	23747
367	250	168	4371	555	0	0	FULL	4	20612
439	254	130	1725	480	40	42	FULL	3	15206
450	270	136	8563	1121	0	0	FULL	3	18269
356	282	124	6925	1105	9	10	FULL	2	6269
445	287	129	3927	1045	12	17	FULL	1	15743
309	180	280	13330	2600	0	0	FULL	2	22735
396	267	118	6462	1074	0	0	FULL	3	6158
352	286	124	2187	469	8	5	FULL	3	15542
340	234	157	7875	2000	16	14	ALL_EDGES	3	17627
270	240	255	2904	631	0	0	FULL	3	27434
365	272	126	6900	1136	0	0	FULL	4	7001
380	238	138	1212	417	0	0	ALL_EDGES	3	7701
443	248	169	10674	1175	10	11	FULL	3	15280
389	216	161	8100	1177	0	0	FULL	5	32667
305	207	198	3125	571	0	0	FULL	3	25230
362	218	248	4563	250	0	0	FULL	1	24521
362	224	192	10416	2000	8	10	FULL	1	15748
285	154	286	11250	1327	26	28	FULL	1	313
436	270	140	3564	250	0	0	FULL	1	18797
339	277	186	11952	2000	0	0	FULL	3	6919
262	189	274	12379	2000	4	2	FULL	4	28464
386	244	164	9408	1196	10	13	FULL	2	28961
299	247	196	10730	2000	0	0	FULL	2	7184
442	350	126	9847	835	16	20	FULL	3	3995
358	218	160	2912	250	11	17	FULL	5	31249
368	229	184	10137	2000	18	17	FULL	3	14190
322	162	298	2309	445	27	28	FULL	2	8102
525	325	114	6259	250	0	0	FULL	2	21902
401	279	138	8540	370	8	20	FULL	1	6526
281	170	305	13528	2600	26	30	FULL	2	6661
366	242	175	2185	250	25	25	ALL_EDGES	1	26071
402	209	219	2960	459	0	0	FULL	2	8089
326	214	193	9544	1290	0	0	FULL	1	9713
330	165	229	3062	296	0	0	FULL	1	12964
392	358	104	7076	824	0	0	FULL	4	21479
441	268	131	7967	1105	0	0	FULL	2	1845
254	247	232	12499	2000	0	0	FULL	4	23499
393	300	141	9256	879	0	0	FULL	1	25219
384	239	169	9563	2000	5	6	FULL	1	12597
302	245	210	4758	1021	0	0	FULL	3	9583
379	250	132	2662	524	0	0	ALL_EDGES	3	17341
369	227	162	8316	1181	38	45	FULL	3	31206
362	226	226	4551	1073	0	0	FULL	5	30181
326	221	215	1519	405	34	41	FULL	1	16485
396	294	125	7670	825	9	11	FULL	1	18320
385	228	166	8845	1187	5	13	FULL	5	24149
282	251	177	9087	1188	0	0	FULL	2	5043
308	247	203	11516	1139	32	33	FULL	5	7626
381	293	175	12246	2000	0	0	FULL	4	26247
335	238	156	7925	2000	0	0	FULL	4	30275
364	261	163	9641	2000	0	0	FULL	4	10319
373	210	160	7612	908	0	0	FULL	1	10179
406	211	158	7870	1158	11	14	FULL	2	10103
284	205	266	13531	2000	23	29	FULL	1	21597
361	280	123	6862	846	9	6	FULL	1	4597
321	217	208	10686	2000	0	0	FULL	1	9814
292	171	271	11731	1301	28	31	FULL	1	28308
382	235	173	9703	1197	7	3	FULL	2	9757
324	157	284	12281	2000	0	0	FULL	2	5981
262	248	256	14668	2000	0	0	FULL	6	2238
488	393	91	4130	250	12	11	FULL	1	1032
322	222	189	2349	250	0	0	FULL	2	3717
397	260	150	8928	1128	0	0	FULL	1	29218
452	275	125	7719	2107	11	12	ALL_EDGES	2	16500
380	237	184	3795	250	11	10	FULL	1	10299
419	407	114	9652	820	17	18	FULL	3	22134
349	280	159	1286	498	15	16	FULL	1	7341
262	176	315	14195	1359	7	5	FULL	1	26116
345	252	166	9323	2600	17	21	ALL_EDGES	2	23594
348	267	145	2524	697	0	0	FULL	2	9337
369	160	212	2025	250	0	0	FULL	1	24557
272	184	392	2730	432	4	6	FULL	2	32649
368	257	207	13455	2000	0	0	FULL	2	5753
294	253	208	11888	2600	0	0	FULL	1	16171
262	241	229	1131	250	25	30	FULL	1	31638
278	209	299	3552	936	0	0	FULL	2	11795
326	237	161	8137	2000	0	0	FULL	3	11085
392	226	141	3100	849	12	17	FULL	1	31314
412	289	155	2978	775	7	0	FULL	1	8281
313	283	209	13819	2000	5	7	FULL	1	30694
332	218	241	13597	2000	4	4	FULL	1	26985
502	191	193	10730	1179	17	18	FULL	1	27248
338	148	291	12180	2000	38	40	ALL_EDGES	2	31007
358	218	198	10617	2000	0	0	FULL	4	8183
444	172	229	11602	1874	18	20	FULL	5	7704
384	310	114	4266	250	0	0	FULL	3	7250
360	258	135	2137	459	8	16	ALL_EDGES	1	630
271	237	241	5657	250	26	29	FULL	4	31335
342	235	217	12775	2000	34	41	FULL	1	20028
419	228	210	13100	2000	0	0	FULL	2	15121
342	261	207	1406	349	0	0	FULL	1	4547
257	217	331	18703	2000	22	23	FULL	1	32570
362	258	145	7965	861	8	1	FULL	4	2938
291	263	216	12952	2000	31	35	FULL	1	30030
396	246	159	9160	1168	5	8	FULL	4	28836
335	216	254	1276	451	30	32	FULL	5	21712
523	361	103	8326	250	0	0	FULL	2	7108
401	227	181	8134	1190	0	0	FULL	2	26643
355	275	169	4504	250	0	0	FULL	1	8052
456	370	86	6061	863	18	20	FULL	6	24452
301	188	220	1250	250	0	0	FULL	1	7449
328	233	203	11191	1222	7	5	FULL	10	21490
335	229	229	3885	753	0	0	FULL	2	1342
417	263	160	10132	1143	15	19	FULL	3	19308
351	285	155	2759	279	14	18	FULL	4	20902
298	231	182	275	250	27	26	FULL	1	2478
324	264	233	15460	1246	0	0	FULL	1	2462
331	232	227	13247	1214	0	0	FULL	4	31445
345	253	142	7487	1199	0	0	ALL_EDGES	1	27755
315	201	198	3200	1119	21	22	FULL	1	10248
285	210	276	3465	737	0	0	FULL	1	8628
387	216	185	2402	447	0	0	FULL	2	6768
405	286	169	11719	1190	0	0	ALL_EDGES	1	28011
354	247	166	1319	531	0	0	FULL	2	4246
356	224	219	12600	2232	0	0	FULL	7	29099
306	216	219	1189	521	0	0	FULL	2	30337
353	247	212	13153	2600	25	29	FULL	1	14010
366	221	154	7562	870	0	0	FULL	1	2524
305	201	255	12834	2000	0	0	FULL	1	13161
555	340	82	2666	619	0	0	FULL	1	27553
297	193	217	2150	626	0	0	FULL	2	4206
302	218	265	2205	423	45	46	FULL	3	6096
389	251	200	5109	917	0	0	FULL	3	8604
329	206	199	3186	553	19	13	FULL	2	8958
259	225	216	10337	2600	0	0	ALL_EDGES	2	5747
322	262	148	7850	2600	16	19	FULL	1	1680
282	236	217	1856	518	0	0	FULL	1	31528
392	255	136	7452	1103	8	9	FULL	1	211
386	326	131	9025	1099	0	0	FULL	1	14286
522	394	61	4175	250	0	0	ALL_EDGES	2	21656
337	282	152	9048	2000	13	9	ALL_EDGES	2	24892
385	249	203	13065	1161	0	0	FULL	2	28041
304	213	286	16169	442	0	0	FULL	1	22401
313	191	226	10462	2000	0	0	FULL	1	5709
367	263	129	6950	2000	8	4	FULL	4	23780
320	254	191	11005	2000	0	0	FULL	4	15716
352	279	177	1172	340	0	0	FULL	3	2327
322	239	162	8250	2000	0	0	ALL_EDGES	3	13960
263	188	273	12352	2000	25	32	FULL	3	23016
443	344	128	2301	632	40	40	ALL_EDGES	1	27945
371	190	277	15327	2000	27	24	ALL_EDGES	1	26765
482	332	116	8639	1060	18	18	FULL	1	8069
351	196	210	10309	2000	0	0	FULL	1	9584
311	224	281	585	271	27	25	FULL	1	31598
348	272	154	435	285	0	0	FULL	1	945
266	165	285	11600	2000	0	0	FULL	3	29219
289	193	331	17723	2000	0	0	FULL	2	3648
383	249	152	6017	250	0	0	FULL	3	19949
453	261	156	10193	1124	10	9	FULL	5	3455
417	252	147	8649	1165	0	0	ALL_EDGES	2	23871
326	209	214	10744	2000	28	25	FULL	2	9949
319	270	181	3038	452	0	0	ALL_EDGES	2	32468
314	261	177	2842	506	0	0	FULL	4	22922
297	283	161	9153	2000	0	0	ALL_EDGES	2	2709
240	183	282	12112	1289	0	0	FULL	1	15258
309	225	238	1171	339	0	0	FULL	2	2885
416	276	170	11602	864	0	0	ALL_EDGES	1	2879
425	217	158	8265	1133	0	0	FULL	8	4621
314	251	254	1480	483	0	0	FULL	1	19213
341	250	147	1562	647	0	0	FULL	5	3284
359	360	105	4792	1148	0	0	FULL	1	6506
393	245	130	2412	503	0	0	FULL	4	20997
325	254	151	3575	250	13	16	FULL	5	32212
380	319	136	9256	1123	0	0	FULL	1	15970
429	256	141	1906	250	42	41	FULL	1	10200
353	260	158	9004	2000	34	33	FULL	3	1508
367	216	170	1417	387	18	19	ALL_EDGES	2	24380
401	233	165	9284	2000	0	0	FULL	1	18939
322	240	187	3349	1001	0	0	FULL	1	138
294	221	253	13860	2000	0	0	FULL	3	352
355	295	129	1161	534	0	0	FULL	2	31097
403	368	125	9712	1073	11	15	FULL	2	28238
332	208	195	9517	2000	3	9	FULL	6	4215
265	208	262	12977	1286	0	0	FULL	3	7310
298	214	243	12694	2000	32	31	FULL	2	7517
311	242	220	12655	2000	24	32	FULL	1	25718
434	289	147	10119	1097	0	0	FULL	1	22789
296	235	208	11078	2000	0	0	FULL	2	18840
311	177	302	14635	2000	26	30	FULL	11	25470
391	204	156	7375	1190	10	10	FULL	1	10644
310	231	217	11826	2000	21	24	FULL	4	3493
368	238	211	12894	2000	0	0	FULL	1	23972
409	232	173	2310	539	4	8	FULL	3	29491
436	363	92	6380	1016	0	0	FULL	2	29592
356	265	143	7978	1167	12	10	FULL	2	7421
341	203	225	11501	912	38	41	FULL	1	30592
417	259	153	5016	1281	0	0	FULL	3	5855
425	250	184	5109	890	0	0	FULL	2	25390
387	216	234	4290	269	0	0	FULL	1	30144
320	240	241	14615	2000	0	0	FULL	3	6488
399	245	158	9098	1140	0	0	FULL	2	21093
385	372	109	7796	850	15	21	FULL	2	24721
365	232	218	13135	2000	0	0	FULL	2	17838
344	249	216	13431	2000	11	16	FULL	4	12868
251	154	400	1162	478	22	23	FULL	1	13217
321	251	180	9990	2000	0	0	FULL	4	10032
361	280	124	6887	864	13	9	FULL	1	32104
324	250	154	7987	401	16	12	FULL	4	7831
458	292	109	6742	1005	17	17	FULL	1	10508
420	287	120	7337	1073	0	0	FULL	1	32218
319	182	249	11629	2000	32	33	ALL_EDGES	1	30295
346	254	153	8356	1158	0	0	FULL	1	5782
369	274	192	13006	2000	19	16	FULL	4	29065
367	159	231	9828	2000	0	0	FULL	2	7625
251	172	335	14877	2000	0	0	FULL	1	4805
316	246	238	14615	2000	0	0	FULL	2	23276
355	280	146	8671	1150	0	0	FULL	1	11320
376	214	156	2162	250	0	0	FULL	4	24126
331	213	248	13790	2600	8	9	FULL	2	17949
280	220	219	10840	2000	0	0	FULL	1	13316
426	288	159	11154	869	0	0	FULL	2	23338
283	242	197	769	324	0	0	FULL	2	11743
435	213	167	3069	250	0	0	FULL	1	22699
494	265	149	10101	1076	10	5	FULL	1	6161
356	244	178	10137	2000	0	0	FULL	1	25178
230	166	408	18150	2000	0	0	FULL	2	16043
358	212	217	1485	250	33	32	ALL_EDGES	1	21935
379	255	130	3187	860	0	0	FULL	1	12567
243	203	293	14195	2000	0	0	FULL	3	16437
369	246	215	13669	2000	34	38	FULL	2	4807
560	297	111	7048	1500	0	0	FULL	1	10731
337	194	192	1100	388	0	0	FULL	1	24270
460	305	132	9361	836	11	12	FULL	1	3509
320	299	141	8316	1218	9	14	FULL	1	2652
379	314	138	3135	503	9	16	FULL	1	30059
352	312	159	3132	494	8	13	FULL	1	18530
477	289	105	6510	1027	29	30	FULL	2	13636
290	261	165	1300	597	0	0	FULL	2	18382
342	212	213	11222	719	0	0	ALL_EDGES	1	19411
344	224	202	10927	2000	0	0	FULL	2	9791
352	229	249	15340	2000	35	36	FULL	11	13932
277	241	264	15382	2000	0	0	FULL	1	21397
390	267	178	11599	2000	18	15	FULL	4	15248
384	282	153	4009	250	0	0	FULL	2	9078
323	259	232	4738	250	0	0	FULL	2	5819
402	228	169	9362	1204	0	0	FULL	1	31500
473	236	166	10286	841	0	0	FULL	3	17912
367	308	164	5605	1030	0	0	ALL_EDGES	1	30489
342	170	266	12415	2000	0	0	FULL	2	8543
345	280	202	13708	2000	0	0	FULL	3	2622
384	254	201	13026	2000	0	0	FULL	2	18528
433	298	128	8481	824	0	0	FULL	3	1008
348	240	173	9454	2000	0	0	FULL	2	8352
350	235	176	1885	509	19	18	FULL	1	21618
351	243	183	10323	2000	0	0	ALL_EDGES	4	334
413	285	124	7496	859	0	0	ALL_EDGES	2	30209
292	222	303	2554	250	2	5	FULL	2	12985
380	274	187	12655	2000	0	0	FULL	2	8319
339	272	167	7471	2000	0	0	FULL	1	23415
264	213	293	5197	250	25	30	FULL	1	15085
284	239	214	2407	250	0	0	FULL	2	21072
379	256	129	6837	836	0	0	FULL	4	117
311	201	216	1552	602	0	0	FULL	1	23351
374	185	223	5363	1145	15	14	FULL	2	32454
264	222	247	12644	1289	0	0	FULL	2	25417
321	272	177	1565	250	25	27	ALL_EDGES	3	16646
321	238	216	1468	373	0	0	FULL	1	16210
468	173	228	11951	2000	17	26	ALL_EDGES	2	13856
290	217	215	3442	353	25	28	ALL_EDGES	5	20815
273	220	209	9937	1244	32	36	FULL	1	18076
354	226	181	9584	2460	0	0	ALL_EDGES	1	28458
296	163	301	1769	253	26	23	FULL	1	17834
353	233	188	10431	2000	0	0	FULL	5	8926
375	251	197	12376	2000	20	20	ALL_EDGES	4	31401
381	188	217	4898	657	0	0	FULL	1	8201
403	311	108	3172	1006	0	0	FULL	2	13244
480	215	131	6682	837	0	0	FULL	3	12149
336	227	203	11067	2000	6	11	FULL	2	17037
479	269	112	6699	806	0	0	FULL	2	12100
230	149	366	1825	555	0	0	FULL	4	15801
367	292	153	9933	1155	15	13	FULL	2	26151
425	288	127	4417	948	16	10	FULL	1	22776
366	273	144	8511	1151	0	0	FULL	2	29163
313	251	224	13492	2000	20	26	FULL	1	24786
319	225	174	2500	521	0	0	FULL	1	9020
357	280	125	5275	250	16	13	FULL	4	19558
351	241	208	2415	430	0	0	FULL	1	22794
356	245	212	13116	2000	23	25	FULL	3	26914
446	249	167	1350	351	0	0	FULL	3	13484
393	254	135	7438	847	0	0	ALL_EDGES	1	21173
386	253	169	3151	850	0	0	FULL	1	19230
295	209	202	1375	449	0	0	FULL	1	27280
400	208	222	12691	2000	0	0	FULL	2	15435
274	183	248	10750	1271	0	0	FULL	3	26244
460	295	114	7347	1127	0	0	FULL	3	26429
419	301	107	6493	1023	12	14	FULL	3	6450
357	257	169	9889	2000	0	0	ALL_EDGES	3	23243
506	330	99	7012	250	0	0	FULL	4	29912
399	277	131	7815	1145	14	9	FULL	2	8528
359	238	169	9222	2194	26	27	FULL	2	26085
377	203	202	10462	2000	19	24	FULL	1	6621
