250	179	168	5617	2000	0	0	FULL	2	7340
243	143	159	4064	1218	0	0	FULL	1	16206
209	165	130	841	250	23	26	FULL	2	24313
437	310	89	2244	250	9	16	FULL	5	7987
332	228	139	6342	1216	0	0	FULL	1	28272
375	205	124	5130	1145	0	0	FULL	2	537
362	209	152	4577	771	15	14	FULL	1	27614
379	227	139	6816	909	0	0	FULL	3	5455
381	214	129	5733	861	0	0	FULL	4	9751
226	150	132	567	638	0	0	FULL	3	4595
284	207	162	6602	2000	0	0	ALL_EDGES	2	26053
275	249	168	8245	2000	22	21	FULL	4	19259
227	149	132	3159	1225	42	45	FULL	1	20549
287	180	184	6954	2436	7	3	FULL	1	8728
336	248	126	2352	777	11	12	FULL	2	20110
302	124	254	3049	250	24	24	FULL	1	1604
296	230	125	5142	1170	9	7	ALL_EDGES	1	24919
297	237	120	5049	863	0	0	FULL	1	29710
285	231	129	5312	1397	0	0	FULL	2	2608
300	151	164	2235	250	0	0	FULL	1	31172
301	177	140	802	250	0	0	FULL	1	10438
248	176	172	690	408	0	0	FULL	1	24842
319	220	164	1564	700	0	0	FULL	3	23382
288	223	148	6289	2000	14	18	FULL	1	15087
297	210	153	1225	250	0	0	FULL	5	30624
264	183	217	8620	2000	22	27	FULL	3	18931
270	190	184	2109	358	0	0	FULL	4	2278
255	208	197	8389	2000	0	0	ALL_EDGES	3	6297
242	154	323	12324	2000	23	28	FULL	3	27774
239	169	111	2848	1201	0	0	FULL	1	5103
382	237	116	5470	1101	0	0	FULL	1	16021
470	274	89	4818	265	17	19	FULL	1	15264
248	174	174	5730	2000	23	29	FULL	3	29054
287	229	115	4425	1190	6	3	FULL	1	6448
318	216	109	4125	1146	30	26	FULL	1	5070
264	228	124	4770	2000	17	23	FULL	2	30786
403	265	89	4265	2000	0	0	FULL	6	9614
264	176	247	10028	2600	0	0	FULL	1	10315
242	217	229	10512	2600	28	30	ALL_EDGES	1	18199
174	157	166	3960	2000	0	0	FULL	3	31294
246	180	102	562	417	0	0	FULL	3	29056
228	158	153	4114	2000	33	35	FULL	2	6112
248	252	88	3069	1131	13	16	FULL	2	9874
330	254	101	2091	1030	0	0	FULL	1	20865
264	176	182	6451	1215	0	0	FULL	1	13336
292	180	161	5822	2000	0	0	FULL	1	27655
341	315	107	2725	250	12	18	FULL	2	27513
302	166	189	6897	2000	26	31	FULL	1	2172
300	206	154	769	493	19	16	ALL_EDGES	5	20435
303	237	167	1488	644	23	24	FULL	3	7807
337	210	149	6489	2000	4	5	FULL	1	2796
351	255	95	4190	1069	0	0	FULL	1	28932
265	174	141	1014	250	20	18	FULL	2	21772
337	286	99	4864	1091	0	0	FULL	1	31035
316	243	149	7337	2000	18	15	SHORT_EDGES	2	30175
318	208	143	1292	418	3	8	FULL	2	12014
278	217	174	7623	2000	21	24	ALL_EDGES	2	27696
329	207	169	7624	2000	0	0	FULL	3	24790
392	224	131	6244	1115	0	0	FULL	4	30700
292	212	137	3442	1613	0	0	FULL	2	23151
252	210	104	3289	1163	15	18	FULL	4	32393
210	161	250	8287	2000	0	0	FULL	4	30283
279	225	135	5465	2000	0	0	FULL	2	1720
308	255	146	7337	2000	3	9	FULL	3	19168
276	200	208	1104	923	22	21	FULL	1	16504
320	232	141	6489	2000	18	14	FULL	3	15658
299	127	197	5572	2000	35	34	FULL	1	2474
288	172	232	9372	2000	0	0	FULL	2	12374
301	198	177	7392	2000	0	0	FULL	1	31255
246	143	99	2075	899	0	0	FULL	13	6642
347	218	152	7084	490	0	0	FULL	4	26466
320	167	178	1833	680	19	21	FULL	4	20939
377	255	130	6887	2000	0	0	FULL	1	24648
424	298	122	7874	1087	0	0	FULL	1	32096
314	230	269	16341	2000	0	0	ALL_EDGES	2	31673
334	296	136	702	250	0	0	FULL	1	2859
419	322	137	9971	1110	0	0	FULL	1	17723
363	190	225	1410	525	0	0	ALL_EDGES	1	2834
264	192	248	10925	2000	42	39	ALL_EDGES	3	2263
457	297	107	2160	497	0	0	FULL	1	2568
391	271	146	7595	1159	16	12	FULL	2	32717
361	266	151	8729	1501	9	10	FULL	3	29657
258	232	335	20280	2000	24	25	ALL_EDGES	3	18105
315	241	217	12507	2000	0	0	FULL	5	25839
260	172	325	14442	1326	23	21	FULL	1	20390
353	292	131	7681	1179	0	0	FULL	1	18534
529	272	101	6075	250	16	18	FULL	2	304
347	212	171	8112	2000	0	0	FULL	2	18432
423	283	129	8075	1069	0	0	FULL	1	25714
409	246	144	3146	528	0	0	FULL	1	699
293	143	371	15531	2000	0	0	FULL	2	5425
385	257	157	9222	909	0	0	FULL	2	7655
381	288	114	2987	839	12	7	FULL	2	19476
414	335	133	3441	660	0	0	FULL	3	24738
383	168	196	8250	2031	0	0	FULL	4	11004
349	246	226	14371	1193	0	0	FULL	3	9028
311	193	208	9350	2000	24	26	ALL_EDGES	3	28300
353	180	228	10672	2000	0	0	FULL	2	28838
420	225	142	7384	1108	18	19	FULL	1	16959
347	248	228	14449	1231	27	26	FULL	2	19028
417	318	117	7765	2000	11	14	FULL	5	7627
380	186	191	8856	2000	32	38	FULL	1	14949
320	262	149	7925	2000	0	0	FULL	2	26037
319	249	170	1849	438	0	0	FULL	1	4909
328	203	279	2830	459	0	0	FULL	1	9477
280	198	280	1519	381	0	0	FULL	2	22233
414	343	102	6844	963	8	9	FULL	3	20622
394	307	145	9957	2000	1	1	FULL	1	17245
375	279	158	2557	250	0	0	FULL	1	9240
455	291	132	8925	1067	26	25	FULL	1	16117
405	327	132	9415	1143	0	0	FULL	2	747
358	242	213	1905	577	35	40	FULL	1	27136
377	217	238	14196	2000	0	0	FULL	1	7532
432	271	149	2800	468	0	0	FULL	2	38
515	326	98	6930	447	0	0	FULL	1	22045
352	241	206	12302	2000	21	19	FULL	6	7283
340	282	141	3577	592	13	12	FULL	2	14933
371	225	185	10137	2000	0	0	FULL	3	23323
326	271	187	11500	2000	27	30	FULL	1	16305
405	246	155	8974	881	41	42	FULL	1	32720
434	232	183	2164	390	0	0	ALL_EDGES	1	29824
336	220	210	11222	2282	0	0	FULL	5	16090
463	288	109	6699	1053	40	38	FULL	2	3882
319	168	272	2334	446	0	0	FULL	1	20295
324	225	213	11485	2000	31	31	ALL_EDGES	4	25341
454	371	116	9360	1064	14	18	FULL	1	26926
489	257	116	6728	1045	15	15	FULL	1	17397
399	268	188	12720	2000	0	0	ALL_EDGES	2	31791
352	248	200	12145	2000	0	0	FULL	3	3030
319	205	222	11034	2000	27	24	FULL	2	18723
303	225	198	2511	673	23	25	FULL	1	5863
291	204	228	10854	2000	0	0	ALL_EDGES	1	17081
332	220	172	8312	2000	0	0	FULL	1	2532
481	277	116	6138	646	15	13	FULL	4	19457
459	374	108	8547	790	13	14	ALL_EDGES	1	6235
336	202	258	3325	250	0	0	FULL	1	14099
465	185	146	2375	861	18	25	FULL	3	2962
301	205	299	16594	2000	27	29	FULL	2	23158
328	176	303	7017	250	0	0	FULL	1	13160
433	228	157	8742	1115	17	14	FULL	1	20210
247	143	412	16501	2000	21	23	FULL	4	18650
330	233	215	3696	305	0	0	FULL	2	28110
459	222	162	9190	2417	34	32	FULL	1	26998
344	201	196	9369	1221	0	0	ALL_EDGES	3	15091
314	233	212	11640	2000	0	0	ALL_EDGES	6	2268
337	184	218	9936	2000	35	39	FULL	2	1506
329	267	164	9468	2600	0	0	FULL	1	27283
301	251	205	2030	250	21	18	FULL	3	1757
334	212	177	8400	2000	24	25	FULL	2	3462
346	238	212	2257	250	0	0	ALL_EDGES	2	6937
347	354	101	6387	1090	0	0	FULL	1	1799
464	317	106	7052	994	0	0	FULL	11	14760
389	273	175	11525	2000	0	0	FULL	1	30771
373	307	145	4570	250	0	0	FULL	2	534
413	283	133	2883	673	0	0	ALL_EDGES	5	11432
370	212	249	14605	2000	0	0	FULL	1	16840
334	235	234	14134	2000	0	0	FULL	3	14865
262	178	419	21762	2000	0	0	FULL	9	20612
327	172	347	18018	2000	26	25	FULL	4	10567
367	176	224	10396	2000	29	30	FULL	3	10166
314	228	218	11780	1461	22	24	FULL	2	24673
361	242	177	10044	2000	15	18	FULL	3	5888
299	219	253	907	290	0	0	FULL	4	16261
326	246	194	10974	2000	0	0	ALL_EDGES	3	20176
235	185	457	24420	2000	0	0	FULL	2	31428
333	293	158	2898	690	0	0	FULL	1	25508
325	246	194	11005	1229	9	14	FULL	2	27051
310	193	241	11629	2000	0	0	FULL	2	32750
219	182	392	18212	2000	0	0	ALL_EDGES	2	7944
353	278	138	7884	1148	0	0	FULL	3	623
330	240	196	2619	812	0	0	FULL	2	24491
347	215	168	8050	2000	18	16	FULL	1	27693
387	272	156	9784	898	6	5	FULL	1	26509
426	210	218	6727	1156	0	0	FULL	3	11436
227	187	410	20650	2000	20	21	FULL	2	11281
375	232	224	3432	643	0	0	FULL	6	22717
465	284	110	6728	1003	0	0	FULL	1	16124
356	181	209	2335	250	25	23	FULL	3	3360
295	176	300	14043	2000	21	29	FULL	2	30258
461	217	135	5035	726	15	12	ALL_EDGES	1	14436
340	290	177	3027	792	0	0	FULL	1	104
376	278	129	1134	250	0	0	FULL	1	17818
312	193	240	11556	2600	32	26	FULL	1	12191
369	354	141	1628	541	0	0	FULL	4	2966
335	287	161	9951	2000	16	15	FULL	3	1645
341	210	175	8262	2000	19	18	FULL	6	20974
253	196	272	12541	2000	0	0	FULL	1	2248
323	225	268	16107	2600	27	27	FULL	1	1237
361	268	160	1798	457	0	0	FULL	1	6000
469	280	95	4500	1461	0	0	FULL	3	9776
410	368	110	3019	852	0	0	FULL	2	31716
250	227	220	10600	2600	0	0	FULL	1	3293
278	237	189	9412	2000	0	0	FULL	1	19203
294	232	197	10111	2000	0	0	FULL	3	22654
356	171	256	11981	2000	0	0	FULL	2	1923
328	223	185	9328	1672	0	0	FULL	1	21929
344	325	156	10955	2000	15	20	FULL	2	23003
540	264	109	3487	980	17	18	ALL_EDGES	1	27859
409	230	165	9191	1157	0	0	ALL_EDGES	1	23023
336	219	264	5518	250	0	0	FULL	3	32433
278	252	251	962	250	0	0	ALL_EDGES	1	17014
335	242	154	1850	429	5	10	FULL	3	23882
231	193	323	681	382	0	0	FULL	1	29283
353	231	202	11467	2000	0	0	FULL	2	4380
461	286	148	3100	785	7	6	FULL	1	13265
347	237	176	9555	2000	0	0	ALL_EDGES	2	7747
383	279	135	3509	250	0	0	ALL_EDGES	2	9759
383	281	186	12900	2000	0	0	ALL_EDGES	3	23879
268	185	273	2794	903	0	0	FULL	5	17014
375	205	228	12530	1244	0	0	FULL	2	23877
373	289	116	6575	840	15	15	FULL	1	29683
360	231	199	11302	2000	7	11	ALL_EDGES	5	12272
423	237	194	2691	439	0	0	FULL	4	2021
542	360	85	2029	402	17	18	FULL	2	9284
275	196	363	4797	250	23	25	FULL	2	21264
378	194	212	1534	383	22	26	FULL	2	27702
352	296	159	5791	1196	0	0	FULL	1	5145
383	224	216	9860	1244	16	15	FULL	1	25417
412	236	149	2711	500	17	17	ALL_EDGES	1	26667
296	213	215	10476	2000	0	0	FULL	2	15368
452	324	208	19215	2000	0	0	FULL	3	3985
366	311	285	26065	2000	40	38	FULL	2	12298
438	250	206	4387	250	0	0	FULL	1	20981
