342	246	136	1909	476	7	13	FULL	5	4259
186	131	309	975	407	0	8	FULL	3	24973
227	160	124	3060	2000	0	0	FULL	2	22222
349	206	160	7233	2000	0	0	FULL	1	17808
390	164	117	3885	1087	0	0	FULL	3	26523
267	197	182	1235	659	0	0	FULL	2	22287
314	158	90	1246	250	0	0	FULL	2	16324
299	172	165	5822	1180	0	0	FULL	3	27201
198	134	284	7957	2000	0	0	FULL	2	17633
235	159	228	7539	2600	0	0	FULL	3	5072
402	264	80	2269	1157	0	0	FULL	1	17310
224	143	110	140	250	18	23	FULL	1	11627
288	195	152	1249	450	0	0	ALL_EDGES	4	8748
228	171	271	10227	2000	25	26	FULL	8	1763
367	227	144	3120	579	0	0	FULL	2	2639
436	157	138	5044	1090	14	21	FULL	1	14258
303	254	150	7486	1210	0	0	FULL	1	27296
342	228	71	2398	796	0	0	FULL	1	24729
296	227	112	4312	879	7	13	FULL	2	24146
262	224	94	3091	1276	0	0	FULL	2	17458
267	182	155	5250	2000	0	0	FULL	2	4893
300	165	243	9792	2000	0	0	FULL	2	16042
276	194	66	455	523	0	0	FULL	2	32492
257	191	192	7476	2000	0	0	FULL	1	6928
324	171	154	5431	2000	0	0	FULL	2	28175
322	213	139	5795	1164	0	0	ALL_EDGES	2	18012
225	174	114	2965	2243	0	0	FULL	2	20300
296	122	236	6893	2000	30	36	FULL	3	13636
299	200	75	2142	1028	0	0	FULL	1	15217
280	202	203	8935	2000	0	0	FULL	2	2302
234	183	175	5910	2000	0	0	ALL_EDGES	1	14751
277	168	96	2488	1138	9	17	ALL_EDGES	2	32672
316	187	204	636	250	0	0	FULL	1	10536
267	191	147	1522	709	20	20	FULL	3	6138
326	145	243	9027	2000	34	35	FULL	4	4016
269	158	176	1590	734	0	0	FULL	2	21110
305	217	129	5151	888	0	0	FULL	2	24648
328	213	107	1395	498	9	9	FULL	3	4074
246	185	144	4563	2600	0	0	FULL	1	9896
414	196	142	6325	1123	0	0	FULL	4	870
201	145	119	2478	2000	20	16	FULL	2	25311
257	203	144	1357	487	21	24	FULL	1	9973
246	173	246	9450	2000	0	0	FULL	1	19980
356	192	168	7325	2000	0	0	FULL	2	28168
436	197	122	1449	439	0	0	FULL	1	15202
381	196	154	6819	2000	6	5	FULL	4	24548
230	191	195	450	279	29	26	FULL	1	18701
234	189	147	4719	2000	0	0	FULL	2	13398
362	194	149	6279	1199	14	14	FULL	2	26559
275	194	141	4965	2000	0	0	FULL	1	9943
273	184	228	9522	2000	0	0	FULL	2	25771
290	168	215	8232	2000	0	0	FULL	2	21465
230	201	206	8122	2000	29	29	FULL	1	17477
345	258	130	6589	1137	3	5	FULL	1	30036
279	139	168	637	427	0	0	FULL	1	3343
253	197	230	9901	1298	0	0	FULL	4	19293
246	186	252	10465	2000	22	22	FULL	3	11837
383	217	78	2821	1470	0	0	FULL	2	15992
243	231	134	5137	2000	0	0	FULL	1	6530
326	148	217	1417	522	3	4	FULL	2	4901
312	233	130	5709	1202	0	0	FULL	1	30338
434	277	79	1976	511	0	0	FULL	3	6627
229	186	199	7165	2600	0	0	FULL	2	16838
267	232	153	6621	2000	27	27	ALL_EDGES	1	32209
253	167	272	10683	1339	32	32	FULL	4	27376
272	183	151	5152	2000	0	0	FULL	2	25448
288	223	178	2633	818	0	0	FULL	1	29050
256	198	167	773	536	0	0	FULL	1	9438
407	131	196	651	334	16	22	FULL	2	14438
247	148	123	2938	2600	0	0	FULL	2	8997
335	250	113	5187	1153	8	13	FULL	2	11016
306	155	242	9292	1761	26	36	FULL	3	31569
253	217	82	945	514	0	0	FULL	1	12790
258	191	152	5287	2000	0	0	FULL	1	24728
294	234	152	6972	2000	0	0	FULL	2	31534
263	189	210	1333	250	46	49	ALL_EDGES	1	25228
257	189	113	3393	2000	0	0	FULL	4	19464
274	203	135	4867	2600	0	0	FULL	1	14065
364	192	164	4462	744	17	21	FULL	1	16465
419	230	89	3740	1016	0	0	ALL_EDGES	1	32290
234	169	189	6112	1423	0	0	ALL_EDGES	6	30537
309	264	104	4641	1129	0	0	FULL	1	27022
246	203	170	374	250	28	31	FULL	4	15795
305	283	122	2478	542	0	0	FULL	5	31208
339	203	95	3250	1078	0	0	FULL	3	22183
241	156	254	8759	2000	26	28	FULL	2	29868
196	150	152	729	763	0	0	FULL	1	2431
270	174	160	5295	1178	0	0	FULL	1	26131
236	216	168	578	345	0	0	FULL	3	28108
266	204	138	705	250	19	23	ALL_EDGES	1	16154
445	274	99	4656	471	15	15	FULL	1	30212
332	244	130	1627	576	6	6	FULL	2	25661
295	256	99	4087	1095	0	0	ALL_EDGES	1	11040
293	184	83	513	250	0	0	FULL	2	17131
268	139	254	408	376	0	0	FULL	4	22996
221	151	224	6780	2000	27	24	FULL	1	27923
274	182	150	5115	2000	0	0	FULL	1	21150
344	179	186	5658	956	0	0	ALL_EDGES	6	18919
241	196	201	7866	1271	0	0	FULL	4	18907
436	256	94	4672	992	21	22	ALL_EDGES	2	993
178	131	363	544	250	0	0	FULL	1	5474
285	213	140	5516	1186	0	0	FULL	2	11537
284	218	105	3698	1144	9	5	FULL	4	3206
298	187	135	1192	467	0	0	FULL	9	87
271	190	126	4108	1165	14	14	FULL	1	20008
274	188	185	7134	2000	0	0	FULL	5	25613
267	170	253	2783	250	0	0	FULL	1	2377
411	205	136	2139	478	0	0	FULL	1	30601
329	115	252	7552	1035	0	0	FULL	1	2242
328	217	119	4794	1138	17	19	ALL_EDGES	7	9501
233	166	219	7437	2000	0	0	FULL	1	24841
234	188	194	7021	2000	26	26	ALL_EDGES	1	31712
244	183	123	3608	2600	0	0	FULL	1	6467
235	206	217	9093	2000	0	0	FULL	1	1568
291	167	215	8221	2000	0	0	FULL	2	23571
332	189	103	3419	1107	0	0	ALL_EDGES	2	18109
241	186	146	1183	831	0	0	FULL	9	15263
228	171	115	567	498	23	22	FULL	1	24382
373	199	114	1921	541	11	8	FULL	2	26785
273	235	132	5482	2000	0	0	FULL	1	453
237	160	145	3949	2000	24	21	FULL	2	24226
213	118	339	9469	2000	15	15	FULL	1	10059
266	156	276	10522	2000	0	0	FULL	1	5991
340	224	112	4590	1100	11	12	FULL	1	22983
211	146	373	13443	2000	21	22	FULL	2	25933
319	177	115	1300	502	0	0	FULL	1	14285
246	193	136	4459	2000	4	1	FULL	2	21893
314	220	138	5861	912	4	6	FULL	1	25842
265	150	190	1455	888	0	0	FULL	5	10731
186	125	150	2849	2000	32	36	FULL	1	8329
341	207	163	7360	2000	0	0	FULL	2	8120
383	201	111	4318	1109	0	0	FULL	5	6298
285	216	122	1800	849	12	17	FULL	2	20217
253	239	108	3952	1185	0	0	FULL	1	8100
297	185	137	4732	2000	0	0	FULL	2	10442
310	168	182	6697	2000	0	0	FULL	3	8316
368	241	135	6804	1266	0	0	FULL	2	22909
374	157	179	6730	1146	0	0	FULL	1	10549
232	218	149	5497	2000	39	40	FULL	2	11649
247	175	219	8084	2000	0	0	FULL	2	15263
273	203	154	5873	2000	24	19	FULL	2	18390
271	182	173	6222	1215	0	0	FULL	2	7627
382	291	103	5669	827	16	18	FULL	10	28447
235	162	196	6202	2000	11	11	FULL	2	7211
377	199	153	6842	1207	8	11	FULL	2	19822
329	243	106	4556	1140	9	19	ALL_EDGES	2	3585
297	195	164	2498	882	0	0	FULL	2	447
307	203	137	5270	2000	0	0	FULL	1	17504
317	225	120	4887	2000	6	6	FULL	1	14744
328	195	117	1230	250	7	10	ALL_EDGES	1	30894
308	244	153	7509	2000	18	29	FULL	2	10635
383	264	74	3165	659	0	0	FULL	1	27229
225	218	172	6766	2000	0	0	FULL	2	22670
246	142	129	3006	2000	19	22	FULL	1	13567
224	189	178	6075	2000	0	0	FULL	4	16601
322	207	128	4998	878	12	14	ALL_EDGES	1	28273
235	132	242	6832	2000	0	0	FULL	1	28779
335	219	156	2162	868	0	0	FULL	2	205
390	243	111	5292	818	16	14	ALL_EDGES	2	18878
254	201	225	9775	2000	25	21	FULL	2	16753
291	234	126	5193	891	0	0	FULL	1	31978
265	174	140	4361	1185	19	20	FULL	3	19834
366	241	108	2109	805	0	0	FULL	1	30691
304	205	169	1606	735	0	0	FULL	3	26931
282	238	171	1184	426	35	35	FULL	3	19443
253	159	162	4764	2000	0	0	FULL	1	13343
304	199	91	2843	1064	11	13	FULL	3	14468
303	220	128	5151	888	14	12	FULL	2	1622
392	266	72	600	250	0	0	FULL	2	14726
309	268	102	1521	250	0	0	FULL	4	7306
211	185	268	10531	1355	0	0	FULL	1	7999
343	256	97	1878	534	0	0	FULL	2	23711
384	247	121	6083	2000	0	0	FULL	1	19897
213	127	277	7612	2000	0	0	FULL	1	22400
279	202	187	7854	2000	0	0	FULL	2	18620
349	222	149	2955	1078	0	0	FULL	1	29917
184	151	269	8025	2000	22	24	FULL	1	14825
454	271	93	5002	979	17	24	FULL	2	13686
277	177	112	3267	1206	0	0	FULL	1	15977
274	229	136	969	389	0	0	FULL	1	13491
254	150	197	855	394	0	0	FULL	1	26025
250	179	101	387	376	33	33	FULL	1	24255
254	196	233	9936	1602	0	0	FULL	2	23955
370	315	73	3629	400	37	37	FULL	2	19165
250	161	162	4784	2000	22	27	FULL	1	11346
267	158	203	6740	2000	20	20	FULL	3	8342
224	153	250	4904	1504	22	29	FULL	1	8861
291	183	215	2932	250	0	0	FULL	2	31269
296	155	142	4173	2000	0	0	FULL	6	19087
270	194	163	6069	2000	46	42	FULL	1	30189
263	193	227	9660	2000	22	24	LONG_EDGES	1	27723
347	278	108	5533	1120	0	0	FULL	1	3574
265	194	224	9568	2000	0	0	FULL	2	16994
338	142	219	7738	1192	27	25	FULL	4	3408
254	185	244	10166	1320	0	0	FULL	4	10655
286	257	116	1802	742	0	0	FULL	1	1957
348	185	116	4072	842	0	0	FULL	2	30439
294	216	119	652	250	0	0	FULL	3	5880
349	184	178	7590	1156	19	15	FULL	1	17724
331	317	100	5449	836	14	14	FULL	3	14845
259	152	114	540	632	0	0	FULL	3	19181
328	233	111	4641	1153	0	0	FULL	2	6421
225	162	207	6487	2000	31	32	ALL_EDGES	2	13287
247	196	196	3182	1334	0	0	FULL	4	8663
296	186	118	1891	250	13	15	FULL	3	11252
371	264	97	4617	1072	0	0	FULL	1	16627
229	203	224	9355	2000	23	22	FULL	1	13938
288	203	111	3763	1174	0	0	ALL_EDGES	1	6361
332	222	157	7337	2000	16	21	FULL	2	14081
282	213	159	978	406	24	27	ALL_EDGES	3	14189
224	141	270	8330	2000	24	25	FULL	4	9013
261	199	106	1578	625	13	19	ALL_EDGES	5	4952
332	293	77	3457	1052	0	0	ALL_EDGES	2	31387
406	159	178	7072	1229	0	0	FULL	1	29553
274	160	194	6519	1244	0	0	FULL	3	8772
274	186	186	370	1361	0	0	FULL	1	20617
287	181	144	3577	1235	16	20	FULL	2	3595
319	188	192	931	564	23	25	FULL	1	12391
275	142	295	10683	2000	33	34	FULL	1	17974
402	278	67	2962	875	17	18	FULL	1	2910
373	219	129	2026	250	0	0	FULL	5	5840
209	154	200	2613	1311	24	31	FULL	1	31869
340	217	88	3146	2000	0	0	ALL_EDGES	1	19690
285	200	132	3082	773	0	0	ALL_EDGES	2	11721
288	152	149	4316	2000	0	0	FULL	2	11176
328	236	97	3847	1060	11	11	FULL	6	4744
277	160	191	2014	833	0	0	FULL	1	31045
383	332	90	5324	1002	0	0	FULL	2	11112
514	283	79	2438	532	17	14	FULL	1	19868
261	190	151	5250	2000	0	0	FULL	3	5347
293	162	158	5085	2000	0	0	FULL	2	12825
235	169	165	4966	2000	0	0	FULL	1	32159
371	279	111	5934	842	10	11	FULL	2	31731
231	174	185	2272	618	28	33	FULL	1	15413
263	217	132	4912	2000	0	0	ALL_EDGES	1	831
269	146	241	8132	2000	42	41	FULL	1	3991
357	209	154	2093	829	0	0	ALL_EDGES	1	20390
252	168	130	3657	2000	19	23	FULL	4	28094
290	193	152	5686	1220	19	23	ALL_EDGES	1	27319
306	158	216	8053	2000	0	0	FULL	2	3866
256	137	271	8768	2000	0	0	FULL	1	27952
359	179	117	4027	1086	0	0	ALL_EDGES	2	15476
206	154	141	3402	2000	0	0	FULL	1	16888
299	131	293	1610	711	23	24	FULL	3	23150
232	112	174	3546	2000	23	21	FULL	3	18563
251	150	319	12048	1296	20	19	FULL	5	9150
364	190	166	7199	2000	14	23	FULL	1	279
267	207	135	4935	1179	18	21	FULL	3	14749
194	152	287	9146	2000	0	0	ALL_EDGES	2	15131
267	221	178	1165	394	0	0	FULL	4	24477
276	125	273	8502	2000	27	28	FULL	6	2221
261	195	186	351	250	0	0	FULL	1	13098
308	181	152	5525	2600	18	18	FULL	4	8745
286	299	76	591	414	17	11	FULL	1	11905
269	204	154	5916	2600	0	0	ALL_EDGES	2	27238
276	200	136	4875	1765	0	0	FULL	2	25430
265	224	195	8993	2000	0	0	FULL	1	23801
310	183	185	598	419	21	19	FULL	1	14722
310	224	108	585	341	0	0	FULL	1	24306
306	246	153	1575	524	30	34	FULL	6	27102
297	232	123	5100	912	0	0	FULL	4	21628
208	148	212	812	250	44	50	FULL	1	31397
220	135	153	3420	2000	0	0	FULL	3	6429
237	133	144	3217	2000	0	0	FULL	1	31433
345	191	99	3289	835	0	0	FULL	4	9307
358	289	178	12080	923	0	0	FULL	2	5352
304	283	193	1534	560	0	0	FULL	2	13192
329	203	292	16594	2000	0	0	FULL	2	7014
243	201	276	4428	694	0	0	FULL	2	6682
367	209	163	7750	2000	8	6	FULL	1	24521
409	271	131	7728	1138	12	16	FULL	3	7097
292	180	276	2958	522	26	34	FULL	1	15722
470	248	141	8547	860	0	0	FULL	2	25021
312	212	220	11121	2000	33	33	FULL	3	12694
354	236	233	14488	2000	0	0	ALL_EDGES	2	13798
325	299	159	2883	876	0	0	ALL_EDGES	1	5776
365	236	191	11022	2000	0	0	FULL	1	14458
295	249	210	2759	808	8	13	FULL	1	1250
423	350	112	2046	638	43	45	FULL	1	5317
362	216	185	9584	2000	0	0	FULL	1	5498
354	212	180	8910	2000	0	0	FULL	1	14394
321	222	190	9531	1227	0	0	FULL	2	15191
353	231	246	15220	2000	30	29	FULL	1	12745
383	295	110	6350	1065	37	36	FULL	2	22712
335	246	237	14956	2000	0	0	FULL	3	23157
288	183	238	10300	2000	0	0	FULL	1	27402
395	251	166	4702	956	13	15	FULL	1	29806
281	195	283	13981	2000	0	0	FULL	1	21895
301	272	189	11253	2000	0	0	FULL	4	3330
440	271	155	10286	1164	0	0	ALL_EDGES	1	22183
291	230	231	12555	2000	22	18	FULL	1	30129
372	225	197	11088	2000	20	21	FULL	2	1086
303	175	292	1534	250	0	0	FULL	3	13566
310	241	167	2000	781	0	0	ALL_EDGES	2	978
386	249	141	2551	482	0	0	ALL_EDGES	1	28556
315	179	310	15627	2000	0	0	FULL	1	9513
383	249	184	11235	2000	17	13	FULL	1	31556
335	232	199	1534	562	34	32	CORNERS	1	14276
357	256	213	13825	2000	21	25	FULL	2	22256
359	215	201	10679	2000	0	0	FULL	5	30238
367	282	189	12928	2000	19	18	FULL	1	23811
324	250	191	2495	768	7	11	FULL	9	26538
442	310	113	4851	1274	14	23	FULL	4	21768
378	300	154	10430	864	0	0	FULL	1	9942
320	154	252	3562	1260	0	0	FULL	1	2323
266	197	239	2850	1002	25	29	ALL_EDGES	1	5453
367	273	175	11182	932	6	11	FULL	1	5233
457	299	106	6670	781	15	15	FULL	5	11909
375	241	205	3126	819	0	0	FULL	4	9172
373	285	118	1525	639	41	44	FULL	2	20554
413	354	106	7471	830	30	30	FULL	5	22323
353	252	152	8235	1187	11	10	FULL	2	22728
503	216	142	7083	1103	16	19	FULL	3	30509
345	280	139	5724	1406	16	19	FULL	1	30395
359	253	149	8100	1177	0	0	FULL	1	17234
486	267	104	5980	2000	0	0	FULL	2	18344
524	250	103	5751	370	0	0	FULL	7	15127
264	253	277	17020	1296	0	0	FULL	3	22207
253	208	295	14973	668	0	0	FULL	3	13088
372	221	165	8356	2000	13	9	FULL	1	25116
439	177	238	12561	2000	0	0	FULL	6	1383
428	220	164	8959	1189	0	0	FULL	3	10419
367	287	157	10048	2000	42	44	FULL	3	25652
456	267	120	7047	1072	14	14	FULL	2	23749
310	221	182	1262	432	0	0	ALL_EDGES	2	3980
228	158	431	18677	1837	20	20	FULL	1	17473
369	255	154	8729	1179	11	7	FULL	1	9997
319	231	211	11532	2000	0	0	FULL	2	3739
417	266	181	2780	488	0	0	FULL	3	27421
393	250	148	58	250	26	31	ALL_EDGES	1	18963
332	248	226	4144	959	0	0	FULL	2	8927
482	265	98	2450	250	0	0	FULL	2	4660
348	247	216	1443	250	0	0	FULL	2	31347
388	352	98	3415	575	12	17	ALL_EDGES	2	22452
381	300	176	2780	716	0	0	FULL	6	15356
335	234	223	1977	459	0	0	ALL_EDGES	2	29647
380	305	159	11155	1192	16	20	FULL	1	1599
304	256	174	3564	578	0	0	FULL	1	15834
336	309	178	12432	2000	8	11	FULL	1	13358
428	257	132	7598	1094	4	3	FULL	2	30858
357	242	168	4625	1268	0	0	FULL	1	24641
491	446	62	4671	1112	18	16	FULL	2	2046
252	184	269	11587	2000	0	0	FULL	2	4914
358	239	192	11154	589	19	24	FULL	2	8438
366	219	194	10416	2000	0	0	FULL	2	19834
268	219	230	11313	2000	0	0	ALL_EDGES	1	13775
386	257	156	5146	250	0	0	FULL	3	28075
251	184	315	14485	2000	28	30	FULL	2	2768
351	232	178	9541	1190	18	17	FULL	1	2691
326	184	242	11368	2000	0	0	FULL	5	12731
301	217	238	12508	1236	33	33	FULL	2	20641
356	323	108	1450	605	16	17	FULL	2	31110
393	355	96	6372	2000	0	0	FULL	2	3340
428	253	144	8447	1173	0	0	FULL	2	20507
337	189	243	11997	2000	33	35	FULL	1	32098
444	239	146	8354	848	0	0	FULL	2	20029
376	248	177	4554	250	13	16	FULL	4	8283
378	162	253	11594	2000	0	0	FULL	1	25801
447	285	145	9916	1130	14	15	FULL	7	14906
337	246	223	13764	2000	2	3	FULL	1	1024
327	294	140	8235	1223	0	0	FULL	1	21152
271	178	321	15066	2000	0	0	FULL	2	20022
446	271	120	7134	843	0	0	FULL	2	15993
320	229	266	6220	1296	0	0	FULL	5	31331
420	268	164	3015	250	0	0	ALL_EDGES	1	10890
368	293	144	9067	1172	6	5	FULL	1	19063
355	192	227	11346	2000	23	22	ALL_EDGES	1	7959
373	279	169	5040	442	13	13	FULL	1	24890
384	249	162	9393	1182	16	21	FULL	3	15184
366	214	197	2247	250	21	20	FULL	1	22151
251	204	245	11125	2000	0	0	FULL	1	29879
460	203	198	11303	1212	0	0	FULL	6	20922
506	317	97	6525	807	17	20	FULL	2	348
355	195	223	2371	441	6	0	FULL	2	17575
325	280	138	7587	1745	15	14	FULL	2	5464
398	295	141	5148	1271	0	0	FULL	5	1817
301	226	184	8962	489	0	0	FULL	2	20538
402	232	210	13006	2000	10	13	FULL	1	32504
245	204	310	1829	479	24	25	FULL	1	28669
409	290	114	3334	861	0	0	FULL	7	24282
402	275	122	7033	2000	10	13	ALL_EDGES	2	19666
325	239	160	2212	253	0	0	FULL	2	16572
345	308	174	12173	2000	19	19	FULL	4	30497
354	259	137	7262	1168	6	6	FULL	6	27247
341	298	152	2201	431	0	0	FULL	1	7822
427	264	111	6050	813	0	0	FULL	3	12220
353	315	121	2335	481	0	0	FULL	1	3890
375	244	180	10609	2000	0	0	ALL_EDGES	2	12337
363	225	177	9381	2000	0	0	ALL_EDGES	1	19151
388	237	157	8613	1170	10	14	FULL	4	19971
344	194	218	10585	2000	0	0	FULL	4	2703
373	275	180	11895	1183	16	20	FULL	1	26834
361	236	206	1750	553	23	26	FULL	2	220
417	255	155	9421	1134	14	14	FULL	1	19143
399	272	143	8711	1147	13	19	FULL	1	28649
295	179	256	11380	2000	0	0	FULL	2	23751
368	237	177	9966	2000	0	0	FULL	2	11405
459	278	121	7564	1042	0	0	FULL	1	13978
612	296	91	6187	1268	17	17	FULL	2	1343
255	205	241	10950	1252	0	0	ALL_EDGES	1	30304
272	214	285	15163	2000	0	0	FULL	2	11097
296	178	333	3815	761	0	0	FULL	1	20111
419	332	90	5537	777	16	17	FULL	2	1158
319	212	185	8737	2000	0	0	FULL	2	607
319	244	160	8200	2000	0	0	FULL	2	2317
277	257	204	11339	1375	0	0	ALL_EDGES	1	18948
559	276	94	5756	629	17	22	FULL	1	26433
372	234	155	8113	1154	16	12	FULL	2	20162
318	181	217	9437	2000	22	27	FULL	1	22931
406	233	196	11914	2000	0	0	FULL	1	25776
324	200	239	12121	2000	0	0	ALL_EDGES	1	2196
379	260	187	11932	2000	0	0	FULL	1	9169
298	211	199	9337	2000	0	0	FULL	1	5010
331	245	241	15171	2600	0	0	FULL	1	29906
324	206	187	1175	542	24	22	FULL	1	20851
405	275	175	11934	1214	0	0	ALL_EDGES	1	16244
307	164	249	10212	2078	21	17	FULL	4	27222
432	288	100	5750	1030	0	0	FULL	3	21565
394	222	211	2738	250	0	0	FULL	1	29940
476	279	132	8715	1043	0	0	FULL	1	32452
340	280	163	9951	2000	3	3	FULL	3	6640
376	284	136	8178	1149	15	20	FULL	2	8803
450	314	103	4335	250	0	0	ALL_EDGES	2	30475
405	196	195	9966	2000	0	0	FULL	1	30939
351	233	154	2675	973	0	0	FULL	1	25690
339	247	184	10540	1214	0	0	ALL_EDGES	1	21194
315	211	188	8875	2000	37	36	ALL_EDGES	1	29319
348	214	195	1508	250	36	39	FULL	1	5593
424	273	108	3362	567	0	0	FULL	4	17860
365	253	201	12635	1203	0	0	FULL	4	20869
381	225	157	2011	445	5	8	FULL	3	3158
339	257	155	8478	2000	9	10	FULL	1	18344
367	339	117	7714	1091	0	0	FULL	2	1741
390	286	179	12600	2000	16	20	FULL	3	25691
308	202	249	5719	742	0	0	FULL	1	25176
387	233	160	8700	1153	5	5	ALL_EDGES	1	19793
265	147	348	2997	250	0	0	FULL	1	2294
352	241	148	2025	597	0	0	ALL_EDGES	2	1985
381	247	186	11340	1173	19	19	FULL	1	8975
298	199	244	551	368	0	0	FULL	3	4263
299	211	199	9312	2000	26	25	FULL	2	16213
308	187	286	14338	2000	26	20	FULL	4	7323
443	278	150	10119	836	33	34	FULL	2	18855
305	242	252	647	288	0	0	FULL	1	11004
353	215	191	2972	503	20	18	FULL	2	27704
339	226	176	1903	724	0	0	FULL	4	1399
323	276	174	1736	617	21	26	FULL	1	2238
287	217	232	11832	2000	21	25	FULL	2	9424
384	250	192	12117	2000	10	11	FULL	1	27178
276	213	214	737	439	0	0	FULL	1	28468
298	206	219	702	933	0	0	FULL	3	32193
301	250	179	9558	2000	29	28	FULL	3	5677
317	268	171	9831	2000	22	25	FULL	5	17131
377	272	142	8308	869	11	14	FULL	2	12965
339	236	193	10757	2000	32	31	FULL	1	13051
299	217	237	12539	2000	32	33	FULL	2	2220
290	238	268	16039	2000	25	24	FULL	1	28389
366	215	158	7650	1201	0	0	FULL	2	7933
310	265	201	12144	2000	28	31	FULL	3	13662
309	197	256	1131	348	0	0	FULL	2	31949
422	338	109	7486	1047	46	49	FULL	2	31654
405	296	129	8246	1092	0	0	FULL	1	4898
489	335	119	9165	1042	14	24	FULL	5	26489
358	301	135	2262	759	0	0	ALL_EDGES	1	20649
356	208	169	1487	250	18	18	FULL	1	18201
300	197	211	9575	2000	0	0	ALL_EDGES	4	17193
348	165	269	12384	2000	0	0	FULL	1	2387
353	232	177	9483	2000	0	0	FULL	1	17441
432	392	109	8861	1042	0	0	FULL	2	10537
304	189	235	10773	640	0	0	FULL	3	28479
402	218	200	4935	1149	0	0	FULL	1	30205
453	359	114	3589	509	9	7	FULL	1	2077
280	224	248	961	434	0	0	FULL	1	769
301	213	210	10300	2000	33	33	FULL	5	18830
405	273	113	6250	807	15	10	FULL	1	12939
376	212	195	5642	250	0	0	FULL	2	25479
367	337	117	2784	496	9	8	FULL	6	10987
388	330	129	8943	1091	0	0	ALL_EDGES	1	29718
389	295	161	8343	1201	0	0	FULL	1	4503
436	322	142	10740	1109	6	6	FULL	1	17559
308	224	210	1580	392	37	43	ALL_EDGES	2	6226
324	262	147	7825	2000	4	12	FULL	2	16112
256	222	272	2402	461	0	0	FULL	1	9291
311	156	321	14151	2000	0	0	FULL	5	8128
452	286	151	3744	679	9	8	ALL_EDGES	3	12162
319	238	191	4408	265	0	0	FULL	2	11903
308	229	192	1296	378	0	0	FULL	3	3436
420	282	169	11820	1203	0	0	FULL	2	3216
276	200	227	3825	264	24	20	FULL	3	16365
316	277	143	7812	2000	0	0	FULL	1	5781
341	275	166	9997	2000	18	21	FULL	1	31620
429	212	159	4408	250	0	0	FULL	1	19256
378	233	153	8019	1159	0	0	FULL	2	24126
427	267	154	9852	1114	10	10	FULL	3	6813
285	220	216	1444	250	22	26	FULL	3	15588
455	314	122	1785	250	35	40	FULL	2	24156
394	263	169	2572	451	0	0	FULL	1	22266
338	182	236	11063	2000	0	0	FULL	1	2593
351	280	157	9625	2000	13	11	FULL	2	15672
298	216	194	1062	506	0	0	FULL	1	3668
406	300	143	9765	1143	0	0	FULL	3	19221
402	216	179	2170	432	0	0	FULL	5	8722
432	209	149	7438	1135	0	0	FULL	2	15291
316	224	191	1201	382	0	0	FULL	2	5815
428	279	164	7137	1480	17	22	FULL	2	16953
306	183	243	10908	2000	0	0	FULL	5	4077
362	284	190	13045	2000	36	34	FULL	1	7317
281	206	216	1137	364	0	0	FULL	1	7685
332	299	157	3069	902	0	0	FULL	2	14265
316	244	175	9261	2000	0	0	FULL	6	26801
418	262	132	7685	1089	13	18	FULL	3	26193
286	168	282	5845	1389	0	0	FULL	2	11408
325	234	204	2325	436	0	0	CORNERS	1	9270
614	388	82	6942	250	14	11	FULL	2	18703
374	339	115	7583	846	0	0	FULL	3	30800
368	201	223	11781	2000	25	23	FULL	2	30399
309	237	211	11702	2000	33	35	FULL	5	16306
337	210	219	11423	2000	0	0	FULL	3	1125
420	197	187	9610	2600	0	0	FULL	1	5709
335	260	190	2062	667	0	0	FULL	2	12405
294	180	256	11394	2000	0	0	FULL	4	16710
394	234	146	7695	858	11	13	FULL	1	3492
455	266	161	10881	886	0	0	ALL_EDGES	1	2289
334	254	230	3685	502	9	9	FULL	2	964
268	220	212	10087	2000	22	21	FULL	5	19958
346	263	170	10044	1185	18	23	FULL	1	879
393	303	130	8385	1452	13	11	FULL	5	29809
371	217	230	2201	487	40	45	FULL	3	29030
359	246	165	9120	2000	0	0	FULL	2	29764
306	198	307	1221	250	24	18	FULL	2	21972
324	199	210	9949	2000	0	0	FULL	2	3859
298	231	181	8937	2000	26	29	ALL_EDGES	4	17237
313	202	246	12477	2000	32	41	FULL	5	4712
315	292	191	2870	772	20	18	FULL	1	24804
296	267	196	11547	1196	0	0	ALL_EDGES	3	7067
373	307	145	4273	1127	0	0	FULL	1	27435
279	186	281	13079	2000	0	0	FULL	1	24186
339	221	194	1406	447	0	0	FULL	2	29925
452	251	137	4309	1157	0	0	FULL	1	13992
370	175	302	15970	2000	0	0	FULL	2	1957
303	253	201	3425	385	23	20	ALL_EDGES	1	8623
302	142	362	1612	393	19	22	FULL	1	15331
343	315	144	1193	353	28	33	FULL	2	30334
427	217	211	12675	2000	0	0	FULL	2	18176
279	226	309	7566	1257	0	0	FULL	4	25604
359	284	182	12154	2000	0	0	FULL	1	15743
355	246	165	3465	546	12	14	FULL	1	16844
355	253	138	2125	824	17	19	FULL	5	4230
430	271	133	8122	1072	13	13	FULL	1	18223
381	273	149	9067	1137	15	20	FULL	3	3700
388	250	140	2389	491	8	7	ALL_EDGES	1	27090
414	297	158	1774	250	0	0	FULL	2	15619
310	289	183	1501	364	0	0	FULL	1	8673
405	297	120	7467	1073	0	0	ALL_EDGES	3	18278
314	195	253	4123	354	23	24	FULL	4	2159
400	211	196	10692	2000	18	21	FULL	2	22647
336	225	179	9085	2000	20	20	FULL	1	2685
262	171	301	12933	2000	0	0	FULL	1	21746
412	335	127	3955	546	0	0	FULL	3	19266
314	300	185	12355	2600	0	0	FULL	2	21595
335	306	151	9672	2000	0	0	FULL	1	8883
310	182	275	13190	2000	0	0	FULL	1	10566
322	243	199	1720	391	37	38	FULL	1	270
363	259	175	10609	2000	0	0	FULL	1	15952
363	301	179	12655	2000	19	21	FULL	2	14645
288	209	257	914	299	0	0	ALL_EDGES	1	30819
431	340	133	10237	2126	0	0	FULL	1	30765
331	273	205	13357	2000	15	19	FULL	2	30460
283	176	313	14601	2000	25	28	FULL	6	24024
276	216	244	12325	2000	0	0	FULL	1	21967
276	185	380	20299	1356	22	18	FULL	5	28749
402	369	131	10491	1132	0	0	FULL	1	26898
349	257	207	1961	250	26	28	FULL	2	20297
292	214	216	10570	2000	0	0	FULL	2	20402
439	307	144	3607	477	9	11	ALL_EDGES	2	17808
407	240	179	3465	731	0	0	ALL_EDGES	1	14368
456	293	116	5750	697	0	0	FULL	1	1962
403	239	191	11821	2000	0	0	ALL_EDGES	2	14124
312	202	246	12493	2000	0	0	FULL	3	17557
296	190	240	823	319	0	0	FULL	1	2716
318	279	163	1131	351	0	0	ALL_EDGES	1	21469
372	268	135	7627	847	0	0	FULL	13	8235
407	174	219	10493	1188	0	0	FULL	2	23416
387	320	117	7525	1265	10	11	FULL	3	26768
458	294	145	4407	250	0	0	FULL	5	14814
312	265	150	8037	851	5	8	ALL_EDGES	1	480
297	238	204	10991	2000	23	22	ALL_EDGES	1	6615
423	332	110	2774	250	18	21	FULL	4	29661
415	335	133	2812	754	6	4	ALL_EDGES	1	20825
322	208	233	11997	2000	35	36	FULL	1	27376
378	273	151	9129	1165	0	0	FULL	1	20383
289	212	284	2922	250	28	30	FULL	1	26384
365	217	208	11467	2000	0	0	FULL	1	19668
362	239	157	8262	1201	10	4	FULL	4	27392
333	232	251	15405	2000	31	40	FULL	3	12365
384	203	199	1953	502	19	20	FULL	10	26731
394	240	196	12062	2000	17	18	FULL	1	25656
349	202	234	12358	2000	1	2	FULL	2	30601
503	312	80	4825	250	17	18	ALL_EDGES	9	13249
385	296	127	2682	875	9	5	FULL	2	12829
382	256	179	3360	698	0	0	FULL	1	23879
332	198	236	2154	528	27	35	FULL	1	28446
374	230	203	2100	415	41	42	FULL	2	11467
372	190	233	11979	2000	28	30	FULL	2	31222
516	333	102	7455	544	0	0	FULL	2	9901
431	330	123	3570	911	10	12	FULL	1	1389
467	241	146	8712	1131	0	0	FULL	2	17459
398	365	93	2119	601	0	0	FULL	1	26174
241	164	394	2619	250	20	17	FULL	3	14626
316	188	294	9432	2000	0	0	FULL	2	26363
377	341	144	10674	1152	0	0	FULL	2	14700
406	254	150	8819	893	0	0	FULL	2	2737
317	275	189	11715	2000	24	17	FULL	1	28735
310	218	228	12105	2000	0	0	FULL	1	6956
404	248	145	5002	1467	0	0	FULL	1	15380
477	257	127	3038	250	0	0	FULL	3	12925
334	247	225	1424	494	31	34	FULL	1	8906
441	290	137	9205	857	0	0	FULL	2	13811
377	238	195	11637	2000	39	42	FULL	4	8553
371	285	147	9114	1140	0	0	FULL	1	6730
285	236	290	858	386	19	20	FULL	2	24272
434	399	112	9418	1047	0	0	FULL	1	9424
311	224	266	15484	2600	0	0	FULL	3	9944
385	272	139	8149	1148	0	0	ALL_EDGES	2	30853
421	359	89	1147	296	16	22	FULL	1	13090
316	207	238	12229	2600	0	0	FULL	3	22449
346	235	191	10602	2600	20	20	ALL_EDGES	1	13384
385	373	122	1750	250	0	0	FULL	1	16508
315	214	230	12059	2275	0	0	FULL	1	2051
395	264	140	8091	1166	0	0	ALL_EDGES	2	14186
480	401	91	7332	1179	0	0	FULL	1	21411
303	242	171	8637	1195	0	0	FULL	1	6229
506	243	126	7362	1059	7	8	FULL	4	2815
280	189	256	648	256	27	21	FULL	2	6999
346	185	226	10730	2000	22	26	FULL	8	18459
337	297	125	2137	459	0	0	FULL	4	11341
339	174	262	12369	2000	5	9	FULL	1	11584
389	242	155	8540	860	8	10	FULL	1	6025
274	217	211	550	250	27	26	FULL	2	8461
344	216	168	8087	2000	0	0	FULL	1	30773
353	198	179	8237	2000	0	0	FULL	1	29468
313	232	213	2061	392	29	33	FULL	2	9040
350	246	180	10276	2000	0	0	ALL_EDGES	1	10365
326	314	152	9827	2000	5	9	FULL	1	20110
327	315	122	7137	1157	0	0	FULL	5	31187
416	304	146	10286	1107	8	12	ALL_EDGES	2	3829
359	199	174	8062	2000	15	18	FULL	4	23132
311	264	224	6012	1300	0	0	FULL	2	6592
422	172	254	13190	1193	22	23	FULL	2	15523
469	342	103	5263	250	0	0	FULL	1	20909
373	265	187	12117	767	0	0	FULL	2	24631
329	271	173	2666	647	0	0	ALL_EDGES	1	7887
315	256	231	1221	325	0	0	FULL	3	15376
346	245	219	13486	2000	0	0	FULL	3	21960
386	237	147	7803	854	0	0	FULL	4	10881
296	241	203	4132	605	0	0	FULL	2	15422
293	189	280	3131	744	27	29	FULL	2	16945
403	298	146	5285	1262	0	0	FULL	5	314
372	245	192	2677	337	0	0	FULL	1	26204
375	267	185	12043	2000	0	0	FULL	1	29305
454	332	122	4310	566	12	9	FULL	2	23328
253	194	256	11300	2000	0	0	FULL	4	7072
346	238	237	3315	250	0	0	FULL	1	31733
426	252	117	6200	1094	11	13	FULL	1	14287
369	232	216	13005	1177	0	0	ALL_EDGES	1	18047
277	167	291	3834	634	0	0	FULL	2	10479
457	383	100	7822	1577	0	0	FULL	1	32377
299	221	189	9100	2000	25	25	FULL	1	26915
348	240	222	13523	2000	0	0	FULL	2	29005
389	219	194	6253	972	0	0	FULL	2	32372
376	314	115	7033	1080	0	0	FULL	4	16596
414	230	142	7425	1123	0	0	FULL	2	10206
332	213	234	12639	2000	25	28	FULL	1	18339
382	268	190	1150	1721	0	0	FULL	1	23926
445	295	118	6851	1064	18	13	FULL	2	12770
414	249	150	8742	1127	17	12	ALL_EDGES	2	6060
338	236	195	2046	250	0	0	FULL	1	15017
337	227	242	14282	2000	0	0	FULL	2	25384
352	251	142	7400	889	15	15	FULL	1	8959
342	204	223	11454	2000	0	0	FULL	2	13954
325	270	199	12582	1409	32	32	FULL	1	19891
317	212	274	4347	1035	0	0	FULL	1	9509
421	327	113	7610	1034	0	0	FULL	1	31542
382	318	144	10062	2388	6	10	FULL	2	10892
363	295	163	7315	1358	0	0	ALL_EDGES	1	18393
327	223	266	2710	536	26	32	FULL	1	30572
327	235	201	11160	1185	0	0	FULL	1	7855
378	216	189	10137	2000	18	28	ALL_EDGES	2	10442
324	214	180	8575	2000	6	7	ALL_EDGES	1	8289
344	227	160	7912	2000	29	30	FULL	4	30734
348	319	122	7492	1117	0	0	FULL	6	30546
428	210	151	7519	1141	15	21	FULL	2	9592
321	234	233	13580	2000	0	0	FULL	8	3669
297	176	296	1798	457	0	0	FULL	1	3660
247	170	321	13689	2000	0	0	FULL	2	6190
515	282	114	7408	1037	0	0	FULL	2	32293
353	313	140	9129	905	0	0	FULL	1	20228
423	247	139	7815	1089	0	0	FULL	1	5155
366	243	175	2542	250	7	10	FULL	2	31494
409	256	129	3037	539	0	0	FULL	1	26946
305	268	154	5075	301	18	19	FULL	3	29079
337	234	234	7511	310	0	0	FULL	1	13690
268	191	361	19073	1339	20	12	FULL	3	19160
352	293	141	8555	363	0	0	FULL	1	4720
350	198	237	2161	507	0	0	FULL	1	30182
297	203	307	16909	1320	0	0	ALL_EDGES	1	23274
422	349	125	9509	833	0	0	CORNERS	2	16462
309	256	182	1160	343	0	0	FULL	1	29483
429	344	112	8002	1050	0	0	ALL_EDGES	1	22234
381	272	178	2849	746	17	19	FULL	1	18937
348	198	224	11392	2000	0	0	FULL	1	18007
312	296	158	9526	2000	18	22	FULL	1	13737
355	172	253	11919	2000	20	25	FULL	2	1243
312	244	165	2325	851	0	0	FULL	1	23967
361	212	255	1716	250	33	30	FULL	4	12303
346	241	186	914	297	19	24	FULL	1	10979
497	312	106	7309	1029	28	27	FULL	2	6410
318	260	237	2047	456	0	0	FULL	1	13542
268	203	229	1400	250	0	0	ALL_EDGES	2	24248
324	241	159	2600	746	0	0	FULL	1	31567
327	253	223	3885	277	0	0	FULL	1	10879
344	271	134	2625	761	18	21	ALL_EDGES	7	6817
415	326	107	7003	2000	14	12	FULL	1	16221
325	284	168	10292	2000	0	0	FULL	1	19158
370	218	192	10307	2000	0	0	FULL	3	29403
456	239	115	5962	809	13	14	FULL	5	7444
304	239	214	11857	2000	0	0	FULL	3	31530
278	186	279	2291	442	0	0	FULL	1	8579
374	296	140	8866	851	0	0	FULL	5	18587
370	234	144	7287	1182	0	0	FULL	2	16802
366	287	176	11877	2000	0	0	ALL_EDGES	1	14552
333	251	198	11682	2000	0	0	FULL	5	25265
228	152	360	2950	570	22	27	ALL_EDGES	2	7440
341	304	150	1317	384	0	0	FULL	1	29350
402	269	144	3797	830	0	0	ALL_EDGES	3	26690
379	249	195	12284	1158	19	20	FULL	6	32089
398	382	109	8184	1040	0	0	ALL_EDGES	1	6779
461	261	137	8497	1095	13	14	FULL	1	7921
294	217	243	12772	1282	0	0	ALL_EDGES	3	20440
370	336	157	3432	630	0	0	FULL	4	18003
514	364	83	2061	250	0	0	FULL	1	22632
351	267	144	418	250	0	0	FULL	1	14716
245	167	329	1660	501	42	40	FULL	2	23547
457	206	165	8711	1159	0	0	FULL	1	12477
448	337	83	5162	447	0	0	FULL	3	24318
410	230	175	10032	1161	14	16	FULL	1	28646
343	262	161	1769	401	0	0	FULL	2	20206
360	278	165	10378	2000	0	0	FULL	2	19364
304	307	133	750	434	15	20	FULL	2	24750
330	274	193	12302	1428	0	0	ALL_EDGES	4	254
403	330	147	11017	1151	10	11	FULL	1	23185
229	162	339	13462	2000	0	0	ALL_EDGES	1	19449
380	264	194	12870	2000	18	20	FULL	1	8591
325	295	130	7375	382	0	0	FULL	1	16090
303	187	273	13299	2000	31	32	ALL_EDGES	1	10834
425	277	166	11388	1194	6	7	FULL	2	20876
425	205	189	10230	2000	0	0	ALL_EDGES	1	29346
345	199	226	11485	1219	0	0	FULL	2	21499
231	189	357	589	250	0	0	FULL	2	9556
334	239	194	10850	2000	0	0	FULL	4	6172
317	154	255	1025	366	0	0	FULL	2	9798
375	214	193	10276	2000	19	19	FULL	1	29153
328	170	332	16724	2000	27	30	FULL	3	25625
445	260	168	11232	2000	0	0	FULL	1	2
436	299	104	6277	1025	0	0	FULL	2	16296
277	214	210	9900	2000	21	16	FULL	2	13572
271	200	231	10450	2000	0	0	FULL	1	5024
456	283	128	2656	470	0	0	ALL_EDGES	1	29500
423	318	145	3393	486	8	9	FULL	2	27586
340	242	189	10633	2600	0	0	FULL	2	899
287	186	235	10262	2000	0	0	FULL	2	31761
339	232	172	8883	2000	0	0	FULL	2	2423
331	262	213	13579	2000	24	27	FULL	8	28091
358	240	181	10183	2000	0	0	FULL	1	26513
381	273	188	3159	250	0	0	ALL_EDGES	4	30324
334	205	284	16282	2000	0	0	ALL_EDGES	4	1506
295	224	204	10260	2000	28	27	FULL	2	18366
478	278	147	10198	847	0	0	FULL	1	21347
342	257	142	7512	1214	7	9	FULL	2	20746
375	240	150	7978	1167	6	15	FULL	2	3569
363	210	164	7812	2000	0	0	ALL_EDGES	2	13909
343	219	207	11051	2000	22	26	FULL	1	31139
391	301	107	1975	579	19	21	FULL	10	30065
347	286	197	13533	2000	0	0	FULL	2	12078
470	269	154	4504	1023	0	0	ALL_EDGES	2	2206
396	333	117	7967	1116	0	0	FULL	1	19156
290	193	293	14916	2000	27	35	FULL	2	15201
254	199	247	11087	2000	28	29	FULL	2	28732
264	202	291	14585	2000	0	0	FULL	1	10351
369	298	140	6308	1341	0	0	FULL	2	20688
358	254	193	280	285	0	0	FULL	3	12108
341	243	210	12600	2000	0	0	FULL	1	15262
378	256	201	13123	2002	0	0	FULL	4	19647
427	232	147	7989	855	0	0	FULL	1	10488
279	214	260	13485	2270	0	0	ALL_EDGES	1	10049
308	226	267	15577	1277	0	0	FULL	2	30899
305	268	177	1348	369	0	0	ALL_EDGES	8	16773
551	202	157	7945	1073	0	0	FULL	3	16213
366	305	139	8928	1162	0	0	FULL	1	27538
297	182	305	15031	2000	27	24	ALL_EDGES	2	9438
450	176	184	797	430	0	0	FULL	1	9828
489	166	216	10815	2000	0	0	ALL_EDGES	3	7741
375	210	171	8478	2000	16	17	FULL	1	7104
332	234	174	2740	250	0	0	FULL	4	23000
433	243	177	11026	1172	0	0	FULL	4	30255
224	171	378	16588	2000	0	0	FULL	1	7796
290	157	274	2937	546	23	26	FULL	1	22700
431	324	96	6102	990	0	0	CORNERS	3	27500
297	184	230	9987	2000	32	27	FULL	1	10653
376	185	180	8025	2600	0	0	FULL	4	6213
392	255	194	9223	1218	17	14	FULL	4	6053
442	252	157	9782	869	15	13	FULL	4	7411
359	213	163	1412	616	0	0	FULL	2	32396
420	247	130	7087	1356	14	18	FULL	2	14098
457	274	124	2526	618	0	0	FULL	1	19407
404	279	164	10989	908	0	0	FULL	5	7703
314	231	172	1850	250	0	0	FULL	2	3866
414	249	150	1317	389	16	21	FULL	5	6964
368	205	206	10679	2000	27	31	FULL	3	28728
438	177	239	12598	2004	20	24	FULL	4	13083
337	240	216	12810	2000	0	0	FULL	1	21435
488	195	164	8432	843	15	15	FULL	1	4016
437	345	122	9268	1228	41	44	FULL	4	3980
336	208	222	11516	2000	0	0	FULL	1	6959
384	291	139	8742	881	0	0	FULL	1	32029
329	270	219	14547	2000	0	0	FULL	2	17128
429	354	115	6037	1154	0	0	FULL	3	23379
406	252	190	12382	2000	13	13	FULL	2	18685
380	222	159	3280	250	12	12	FULL	4	6969
329	252	212	12862	2000	29	29	FULL	7	27625
356	232	188	10385	2000	19	27	FULL	5	5331
401	285	119	3982	631	14	12	FULL	2	24700
290	210	223	10759	2000	0	0	FULL	3	14964
272	254	209	11542	1269	0	0	ALL_EDGES	2	29681
536	328	114	8180	1642	0	0	FULL	2	15770
370	268	176	11182	1066	15	11	FULL	1	4796
313	258	180	2697	504	21	26	FULL	4	6418
402	225	204	12191	2000	18	21	ALL_EDGES	2	32212
360	225	178	739	415	0	0	ALL_EDGES	3	4752
340	247	184	10509	2000	22	27	FULL	2	4151
391	248	149	4495	1264	14	11	FULL	1	9523
358	293	158	10180	903	10	9	FULL	5	13726
280	206	269	13671	2000	0	0	FULL	5	27429
334	239	157	7950	2000	0	0	FULL	1	14829
301	144	312	12339	2000	0	0	FULL	1	24233
378	330	124	2914	500	9	11	FULL	3	12887
390	278	134	7975	1157	13	13	FULL	1	21053
431	303	127	2178	250	0	0	FULL	1	22320
325	272	176	10524	2000	0	0	FULL	2	12470
406	229	167	2371	250	0	0	FULL	2	22266
352	249	142	7412	493	5	5	FULL	1	32511
303	212	242	12570	2000	0	0	FULL	3	32139
328	229	179	1876	529	0	0	FULL	2	2548
337	231	212	1221	250	31	27	FULL	1	32623
416	261	162	10202	1194	8	11	FULL	1	17725
307	233	216	3735	1047	0	0	FULL	1	32569
278	180	291	3494	1065	22	20	FULL	1	32078
307	163	309	13981	1263	0	0	FULL	1	9604
298	239	231	13200	2000	0	0	FULL	1	12175
371	201	235	12775	2000	0	0	FULL	1	27639
317	206	206	9963	2600	36	36	FULL	2	12748
340	221	245	4514	362	0	0	FULL	1	8492
345	283	190	12635	1191	0	0	FULL	2	272
381	234	151	7924	868	8	6	FULL	5	5855
296	179	237	10137	2000	31	34	FULL	1	666
304	233	262	4403	255	0	0	FULL	2	19598
266	206	245	11677	2000	26	24	ALL_EDGES	5	28392
569	344	94	7289	405	34	34	FULL	1	383
495	264	126	5263	1089	14	15	FULL	3	8162
417	297	109	1687	401	0	0	FULL	2	20664
467	270	130	8250	815	18	19	FULL	2	18857
439	236	130	2875	942	0	0	FULL	1	9992
416	288	104	5950	1060	0	0	FULL	2	13424
359	254	181	10840	2000	0	0	FULL	1	8700
345	211	227	742	250	29	28	ALL_EDGES	1	21661
418	185	225	11847	2000	13	13	FULL	1	1855
426	336	129	4292	565	11	12	FULL	1	27563
378	230	155	5440	250	0	0	FULL	3	14064
399	263	138	8004	1113	8	8	FULL	5	28737
264	197	242	10800	2000	0	0	FULL	2	23294
239	229	228	11000	1254	0	0	FULL	1	3459
363	270	158	2139	417	4	0	FULL	3	1317
348	248	157	8410	2000	11	12	FULL	3	8923
286	200	218	9925	2000	0	0	FULL	2	7830
377	247	167	9579	2000	0	0	FULL	2	31334
336	197	204	9666	2000	0	0	FULL	4	28751
336	249	184	10571	2000	21	27	FULL	1	14746
379	229	213	12765	2000	37	38	FULL	3	3935
396	280	158	10325	1201	12	14	FULL	3	18122
310	257	195	1860	473	0	0	FULL	2	18097
313	225	220	2356	457	6	6	FULL	2	8490
343	234	168	6520	1239	0	0	FULL	4	2386
405	302	102	5962	1019	0	0	FULL	3	31320
369	189	180	1187	250	0	0	ALL_EDGES	3	18529
279	215	210	9862	1654	0	0	FULL	1	15455
360	242	179	5750	1451	0	0	FULL	3	3439
386	212	226	1387	344	0	0	FULL	3	9529
285	213	305	17168	2000	0	0	FULL	2	7550
330	274	171	10307	2000	19	22	FULL	5	5304
305	233	217	11935	1232	28	31	FULL	5	16960
386	242	176	10345	2600	0	0	FULL	1	26965
384	221	218	1517	250	0	0	FULL	1	22626
361	251	161	8990	2000	0	0	FULL	2	30498
303	183	280	4138	582	13	12	FULL	3	2741
292	221	273	15260	2600	28	29	FULL	2	2338
364	248	172	2805	482	9	12	FULL	5	24729
401	217	179	9610	2000	0	0	FULL	1	8164
309	194	225	1255	375	33	33	FULL	5	18984
309	261	205	12276	2000	0	0	FULL	1	15162
317	251	157	8150	2000	0	0	FULL	9	10090
361	254	169	9842	2000	18	15	FULL	1	13440
345	250	168	9367	2000	15	18	FULL	1	19253
326	194	214	10003	2000	28	33	FULL	1	9613
353	230	191	2495	595	7	5	FULL	1	24957
