225	132	252	787	387	0	0	FULL	2	4255
297	221	175	8107	2000	36	41	FULL	2	2240
273	161	217	1463	250	0	0	FULL	2	24355
265	149	114	724	793	27	31	FULL	2	5867
299	238	162	1656	438	0	0	FULL	1	9692
208	188	244	9196	2000	0	0	FULL	3	22061
375	321	100	1788	571	0	0	FULL	1	6768
311	214	157	1354	657	0	0	ALL_EDGES	1	5400
274	218	142	5652	2000	0	0	FULL	2	6815
297	214	134	5304	2000	0	0	FULL	3	19750
279	219	188	8625	2000	0	0	FULL	1	17283
260	183	178	6426	1288	0	0	FULL	1	30998
367	231	88	3502	1039	14	20	FULL	5	26695
208	153	204	1885	250	0	0	FULL	2	4734
344	281	88	2465	610	13	21	FULL	3	13561
290	189	155	943	455	0	0	FULL	2	3418
311	216	112	4215	845	15	13	FULL	2	7240
256	161	205	6902	2000	24	23	FULL	1	31898
296	187	153	5652	1282	0	0	FULL	1	7628
336	174	197	8096	2000	32	37	FULL	4	10574
237	193	263	1536	518	0	0	FULL	3	10187
220	163	209	6585	2000	23	21	FULL	3	14655
168	121	222	4599	2000	23	25	FULL	2	13427
269	176	137	877	697	3	9	FULL	4	23808
326	235	150	5255	1182	16	14	FULL	2	4811
321	247	132	6289	866	7	9	FULL	6	30809
304	223	125	5083	1175	0	0	FULL	1	20956
313	193	140	5287	2000	9	9	FULL	1	27220
273	153	202	6664	2000	0	0	FULL	5	23439
250	218	221	10200	2000	0	0	FULL	5	31228
290	209	190	1288	250	0	0	FULL	2	14100
254	225	130	4965	2000	0	0	FULL	1	30949
261	163	248	1774	616	0	0	ALL_EDGES	1	26055
326	225	130	5595	1153	0	0	FULL	7	14344
274	235	116	4552	1160	6	7	FULL	1	19670
348	282	117	6267	1095	0	0	ALL_EDGES	1	27064
288	182	181	6906	2000	0	0	FULL	4	26814
263	209	155	5992	2000	0	0	FULL	3	28603
284	222	135	1343	610	7	12	ALL_EDGES	4	16315
184	167	276	9205	2137	22	21	FULL	1	949
254	148	199	6037	2000	0	0	FULL	2	23749
250	219	155	6128	2000	0	0	FULL	1	25419
248	191	179	6587	2000	35	36	FULL	3	21626
359	207	101	3765	825	13	16	FULL	1	9289
318	184	128	4440	1192	14	18	FULL	2	25584
300	206	89	2827	1071	0	0	ALL_EDGES	1	18606
265	234	185	2668	1024	26	25	FULL	2	20125
336	103	245	6621	2000	0	0	ALL_EDGES	5	11031
366	249	126	6336	1147	17	12	FULL	2	31447
276	172	222	8547	2000	0	0	FULL	3	15085
246	149	232	7446	2000	0	0	FULL	3	3643
325	253	103	4513	1080	0	0	FULL	1	14337
263	182	199	7524	2000	0	0	FULL	2	3767
281	155	195	688	344	32	36	FULL	2	5476
310	219	154	6856	2000	12	16	FULL	1	21813
214	145	145	3384	2188	15	17	FULL	6	13531
365	258	112	5481	1125	13	12	FULL	3	7782
370	232	99	4173	1046	0	0	ALL_EDGES	1	30538
323	171	155	5448	2600	0	0	FULL	2	16500
277	247	168	8234	2600	0	0	FULL	4	1843
262	188	112	3349	1111	0	0	ALL_EDGES	2	895
447	230	112	5474	1017	0	0	ALL_EDGES	2	3658
204	216	192	688	518	25	22	FULL	1	24830
370	286	90	2593	1117	29	28	FULL	3	3998
307	264	130	1386	671	0	0	FULL	4	17778
312	268	114	5386	1130	0	0	FULL	1	3100
273	202	208	9119	1280	0	0	ALL_EDGES	2	25601
299	236	106	1335	657	8	17	FULL	4	9973
333	274	104	5006	849	0	0	ALL_EDGES	2	14180
353	247	86	3532	820	0	0	FULL	1	32134
394	273	106	2679	813	12	13	FULL	2	976
356	257	125	2507	791	0	0	FULL	1	13455
252	161	185	5857	2000	0	0	FULL	4	30574
235	163	144	3949	2000	6	3	FULL	2	26229
339	255	121	5890	887	0	0	ALL_EDGES	1	22440
362	272	117	6152	1139	0	0	FULL	4	12424
306	205	136	5261	2000	0	0	FULL	4	2388
304	192	163	1358	552	0	0	FULL	2	13229
190	108	267	731	507	0	0	FULL	1	18726
228	172	115	2961	2000	26	27	FULL	1	6003
375	250	80	3322	1009	0	0	FULL	1	8340
266	211	187	8043	2000	21	22	FULL	2	10452
372	209	135	4221	1619	15	13	FULL	1	4888
310	244	113	4802	882	0	0	FULL	2	29876
345	173	175	2593	1066	12	16	FULL	6	24842
319	225	132	5700	1189	0	0	FULL	1	12032
338	290	76	2100	250	0	0	FULL	1	28030
203	141	159	3618	1222	0	0	ALL_EDGES	1	17094
286	216	155	6441	2000	0	0	FULL	1	11343
325	186	108	1820	250	0	0	FULL	2	30164
272	196	158	5958	2000	0	0	FULL	2	6946
252	186	139	4439	1167	21	21	FULL	1	2280
217	185	136	3993	2000	14	16	FULL	1	21865
282	227	164	1774	459	25	27	FULL	1	12557
228	168	221	7539	2000	0	0	FULL	2	1192
283	166	203	7334	2000	0	0	FULL	1	22899
364	194	106	765	371	35	34	FULL	4	2836
266	219	129	4845	2000	0	0	FULL	3	7375
290	217	183	8372	1225	0	0	FULL	2	7889
229	173	113	2929	2000	0	0	FULL	1	7048
407	136	154	4887	861	0	0	ALL_EDGES	6	8012
308	192	160	6327	2600	6	13	FULL	2	1036
385	216	139	2932	250	12	14	FULL	2	13156
319	178	167	6346	2000	4	7	FULL	1	5732
210	162	161	374	331	30	32	FULL	2	3200
332	273	104	5025	859	0	0	FULL	3	22399
304	169	185	988	428	0	0	FULL	5	10343
252	198	90	2520	887	0	0	FULL	1	9880
331	258	99	4394	1087	12	14	FULL	3	22684
277	210	147	5712	2000	0	0	FULL	1	29158
331	226	114	4675	1123	0	0	FULL	1	1322
298	203	123	4500	876	0	0	FULL	1	16061
291	190	190	7770	2000	0	0	FULL	3	2930
283	210	110	1787	610	0	0	FULL	2	11258
272	245	98	1417	530	0	0	ALL_EDGES	1	2614
238	143	221	1372	272	0	0	FULL	3	23405
234	172	136	434	511	28	27	FULL	2	17913
298	186	153	5627	2000	0	0	FULL	3	11568
280	196	192	7948	1494	0	0	FULL	3	26478
389	243	122	1679	440	0	0	FULL	1	27697
352	242	112	5044	860	0	0	FULL	2	27548
185	131	185	985	786	0	0	ALL_EDGES	4	10140
241	182	148	4673	2006	8	12	FULL	1	30335
267	232	105	3802	1005	0	0	FULL	1	25128
292	198	181	262	250	0	0	ALL_EDGES	3	8520
357	287	92	4588	829	0	0	FULL	2	23716
333	214	162	3829	585	18	18	FULL	1	21923
228	161	149	4070	2000	23	21	FULL	1	8556
219	162	127	589	421	2	4	FULL	2	18138
228	146	316	3906	250	22	14	FULL	1	26306
355	132	244	8705	2000	0	0	FULL	2	27602
269	206	136	4927	2000	18	17	FULL	1	1620
353	258	127	6463	1113	13	10	ALL_EDGES	1	28282
279	159	124	3410	2000	0	0	FULL	3	1538
318	191	107	3542	878	0	0	FULL	1	19460
225	159	210	1357	647	0	0	FULL	1	19419
402	232	123	6014	821	0	0	FULL	3	25100
200	103	319	559	250	0	0	FULL	3	12542
246	192	159	5512	2600	29	32	FULL	2	30798
373	255	110	5386	1093	0	0	FULL	3	28015
186	130	228	5434	2000	0	0	FULL	1	16257
218	142	145	495	586	0	0	ALL_EDGES	1	29937
206	175	208	6772	2000	4	5	FULL	1	14774
296	231	168	7981	2000	0	0	ALL_EDGES	2	419
197	165	170	357	250	0	0	FULL	4	16098
428	312	86	4956	419	16	17	FULL	2	31496
356	168	141	4998	1176	16	17	FULL	3	23733
334	236	108	4547	1139	0	0	FULL	3	2279
286	159	121	3338	898	0	0	FULL	2	28981
276	237	130	5397	2000	7	8	FULL	3	15873
255	139	298	10143	2000	0	0	ALL_EDGES	1	13048
315	227	147	2152	923	0	0	FULL	2	32739
366	203	162	5340	1221	16	13	FULL	1	21823
264	214	203	3139	250	0	0	FULL	2	19110
277	171	243	586	313	0	0	FULL	3	12360
285	300	87	1290	470	8	9	FULL	2	19500
208	167	243	8211	2000	0	0	FULL	2	26562
301	182	209	8751	2000	0	0	FULL	1	21165
233	186	197	1241	250	5	1	FULL	1	22218
207	177	122	3172	2000	0	0	FULL	2	22884
309	234	145	6667	2000	17	20	FULL	1	29114
242	231	134	795	446	0	0	FULL	3	15522
267	213	97	3102	1126	41	41	ALL_EDGES	4	27160
292	203	193	8556	1220	0	0	FULL	1	9786
341	209	161	7337	2000	0	0	FULL	5	14061
334	226	139	6321	1179	5	4	FULL	1	5930
371	194	160	7026	1200	0	0	FULL	1	1576
317	192	90	2013	1422	15	15	FULL	2	22566
197	127	139	2681	2000	19	18	FULL	2	11366
175	147	174	4032	2000	23	22	FULL	1	17727
273	164	146	741	407	0	0	ALL_EDGES	2	20520
303	271	116	2384	250	12	18	FULL	2	8985
283	189	159	824	782	25	29	FULL	1	13820
199	133	431	14743	2000	19	20	FULL	2	31387
248	138	219	6367	2100	29	33	FULL	6	31163
286	182	145	1560	511	18	24	FULL	2	4383
343	220	139	6226	1158	15	21	FULL	2	7186
373	103	195	5002	2000	0	0	FULL	4	13528
259	165	129	3591	2000	0	0	FULL	1	2683
264	110	259	6682	2000	0	0	FULL	2	6948
222	197	195	7208	1305	0	0	FULL	2	15795
284	233	143	6232	1166	0	0	FULL	1	4124
323	101	107	1897	1114	8	11	FULL	3	7837
253	164	181	3045	509	22	27	FULL	1	28361
329	192	165	4210	1322	0	0	FULL	1	22534
213	143	280	1105	420	0	0	FULL	2	20962
290	188	175	1691	250	0	0	FULL	8	11881
273	170	119	1551	330	13	12	FULL	1	5083
339	144	175	5635	2000	0	0	FULL	3	30654
239	178	200	7055	1233	0	0	FULL	2	12225
269	197	217	943	371	32	34	FULL	2	25940
250	120	281	8075	986	23	30	FULL	5	4508
247	193	178	6579	2000	0	0	FULL	2	14454
241	168	137	3811	1208	0	0	FULL	2	13802
293	150	170	5257	2000	22	24	FULL	6	4261
227	163	95	2110	445	0	0	FULL	1	6078
238	158	121	2961	2000	0	0	FULL	1	20835
273	201	155	5890	1208	0	0	FULL	6	10139
257	236	191	448	250	28	28	FULL	5	14500
201	201	160	5265	2000	11	11	ALL_EDGES	2	11701
244	190	185	2354	952	0	0	FULL	2	17396
272	125	339	11442	2000	24	23	FULL	2	9114
254	144	206	6127	1241	30	30	FULL	2	4082
262	180	137	4342	2000	0	0	FULL	2	22299
309	205	167	1428	699	0	0	FULL	2	11078
385	177	140	2280	564	0	0	FULL	2	31335
253	160	210	2694	1038	0	0	FULL	3	5717
255	165	202	1283	576	6	10	FULL	1	10279
309	226	122	1708	250	0	0	FULL	1	16674
281	183	127	4056	2000	0	0	FULL	3	7429
287	210	158	6498	1192	20	19	FULL	1	13478
252	176	192	705	250	0	0	FULL	1	16833
378	285	106	724	325	18	19	FULL	3	30578
267	150	298	11352	2000	0	0	FULL	2	24310
379	154	198	1506	425	20	25	FULL	1	13735
315	221	151	6741	2000	0	0	FULL	7	28405
424	337	60	3102	290	18	12	ALL_EDGES	1	19769
213	155	198	747	392	38	38	FULL	3	24863
299	216	132	1351	601	0	0	FULL	3	27465
230	146	193	312	302	29	33	FULL	4	22508
192	114	344	982	430	0	0	ALL_EDGES	2	22754
199	167	136	3393	2000	31	30	FULL	4	30610
265	186	192	7362	2000	0	0	FULL	1	30712
323	225	144	6510	2000	3	7	ALL_EDGES	2	4528
256	201	166	1759	914	0	0	FULL	2	26371
320	241	110	4683	1124	12	18	FULL	2	29748
321	177	167	1235	250	0	0	ALL_EDGES	3	6588
379	291	105	5727	1043	0	0	FULL	1	27504
289	214	187	655	722	25	29	FULL	3	19611
314	224	121	1453	630	0	0	FULL	1	14983
341	259	119	5817	1836	0	0	FULL	1	29449
359	205	129	5339	845	0	0	FULL	3	26437
236	197	161	757	414	0	0	FULL	4	7653
338	275	113	1869	473	8	9	FULL	2	17812
250	186	226	1165	602	0	0	FULL	1	31341
311	218	125	5023	1179	0	0	FULL	1	17233
257	193	232	2116	481	24	29	FULL	2	3753
285	178	167	5975	1076	0	0	FULL	2	3269
350	248	64	572	433	0	0	FULL	2	32666
380	323	93	5428	1055	13	14	FULL	2	19857
240	176	201	2227	250	0	0	FULL	2	31656
252	136	190	1703	1123	25	29	FULL	1	14255
354	276	97	2479	924	13	15	FULL	1	23046
272	209	167	6830	2000	0	0	FULL	1	31575
224	201	267	1620	431	0	0	FULL	2	30569
247	190	180	6613	2000	0	0	ALL_EDGES	2	10666
259	217	151	5958	2000	0	0	FULL	1	14008
338	229	97	3810	820	36	34	FULL	1	6352
387	303	98	5508	1074	0	0	FULL	2	12957
307	249	151	7463	2000	0	0	FULL	2	7572
236	177	202	2320	250	0	0	FULL	1	13062
266	211	205	3139	350	0	0	FULL	2	28772
312	230	160	7601	2000	26	29	FULL	1	20907
215	140	315	1178	665	22	23	FULL	3	11950
282	206	180	798	338	31	37	FULL	2	3097
288	170	174	544	332	0	0	FULL	5	26100
317	272	133	6946	1169	0	0	FULL	1	28018
240	175	156	442	919	0	0	FULL	1	30215
334	246	116	2555	602	13	17	FULL	1	19969
300	231	166	7877	2000	31	29	FULL	2	22752
265	217	130	4867	2000	0	0	FULL	2	30473
285	170	134	1085	468	27	30	ALL_EDGES	1	31312
310	220	139	5909	2000	0	0	FULL	7	4449
270	186	229	9591	2000	30	40	FULL	4	23351
358	153	210	8096	2000	23	24	FULL	1	1940
181	125	200	3064	2000	24	31	FULL	1	31796
239	156	308	11615	2000	0	0	ALL_EDGES	2	12353
335	225	139	1617	442	15	11	FULL	3	11377
189	168	142	3550	640	0	0	FULL	8	4732
248	154	118	2875	2000	4	1	FULL	1	18486
307	173	141	1155	250	0	0	FULL	2	23977
213	191	183	6292	2000	0	0	FULL	1	23470
305	201	188	8280	2000	0	0	FULL	5	29467
255	162	133	1171	250	19	16	FULL	2	12226
276	208	183	7822	2254	0	0	FULL	3	4043
308	235	103	4087	1140	10	12	ALL_EDGES	1	1231
273	143	192	5737	2000	30	30	FULL	3	22909
350	173	158	5918	2000	15	18	FULL	1	13270
333	250	90	1807	1036	12	12	FULL	3	26206
369	253	129	6648	1105	0	0	ALL_EDGES	3	32650
377	210	133	2446	987	12	10	FULL	1	14862
233	219	89	2596	1129	0	0	FULL	1	22327
283	160	122	1017	665	0	0	FULL	4	26381
357	257	93	4114	805	0	0	FULL	1	672
311	218	126	1283	448	6	4	FULL	3	8782
196	143	301	9316	2348	20	13	FULL	2	19276
227	213	237	1621	263	0	0	ALL_EDGES	4	12233
285	219	135	5431	1077	0	0	FULL	2	28885
327	207	111	4102	1109	11	18	FULL	4	9158
291	218	119	1222	611	16	23	FULL	1	30106
379	273	111	5876	1090	0	0	FULL	1	11049
372	219	142	6635	854	6	6	FULL	1	24633
213	156	196	5622	1284	29	27	FULL	2	6054
296	191	150	5601	2409	0	0	FULL	2	12545
163	111	246	580	515	50	60	FULL	3	4702
275	156	152	4452	1376	28	31	ALL_EDGES	2	17877
339	267	105	1976	927	0	0	FULL	4	30185
381	273	150	6277	1347	0	0	FULL	2	20134
291	199	215	1000	343	0	0	FULL	1	31157
355	220	200	10695	2000	12	16	FULL	1	21485
313	239	207	666	258	0	0	FULL	5	25250
283	228	241	12942	2000	0	0	FULL	2	5963
393	224	176	9656	2000	0	0	FULL	3	14556
369	300	176	2671	250	0	0	FULL	2	5829
268	210	223	775	250	30	33	FULL	3	29876
359	225	179	9468	2000	17	23	FULL	3	32215
341	268	158	9164	472	0	0	FULL	1	10430
348	236	164	2997	795	0	0	FULL	2	26952
339	238	191	10726	2000	0	0	FULL	7	647
273	252	197	10449	1272	0	0	ALL_EDGES	2	27775
299	192	307	15925	2000	26	26	FULL	2	10530
277	272	180	9949	2000	26	24	FULL	1	25142
335	316	147	9548	1193	4	4	FULL	2	16042
371	268	156	1410	386	0	0	ALL_EDGES	1	4802
393	324	137	9712	1151	0	0	FULL	3	29055
430	197	207	11235	1206	0	0	FULL	3	6489
344	266	202	1609	363	0	0	FULL	3	4317
309	311	161	10338	1671	0	0	FULL	2	29030
345	261	161	9178	2000	0	0	FULL	2	2899
268	219	213	10112	2000	23	20	FULL	3	23345
304	255	200	1922	298	0	0	ALL_EDGES	2	61
326	229	248	14670	2000	0	0	FULL	3	3184
382	269	170	10850	2000	0	0	FULL	2	24157
410	275	111	6162	802	15	10	ALL_EDGES	3	29264
326	273	175	1472	250	0	0	FULL	1	17037
263	213	223	900	331	31	29	FULL	1	3930
351	254	163	4843	1134	0	0	FULL	1	8801
452	227	161	7111	612	16	14	FULL	3	11387
391	250	137	7506	1107	0	0	FULL	1	26694
342	310	146	9424	880	18	16	FULL	2	16946
362	256	210	13650	2000	21	25	ALL_EDGES	3	14394
391	214	222	12820	2000	0	0	FULL	1	29433
430	244	119	6225	831	0	0	FULL	2	5260
420	244	170	3832	547	0	0	ALL_EDGES	3	18475
346	291	154	2170	553	4	4	ALL_EDGES	1	1418
370	256	184	1015	302	18	15	ALL_EDGES	3	22968
434	333	93	5994	801	16	17	FULL	2	3267
390	351	106	4321	272	15	19	FULL	2	11732
464	346	116	5513	983	14	19	FULL	3	2152
369	242	207	12765	2000	6	5	FULL	1	25636
305	271	163	9099	2000	0	0	FULL	1	736
428	296	122	1333	382	0	0	FULL	1	24788
411	285	132	8277	1094	15	17	FULL	1	6219
356	221	184	2972	924	10	15	FULL	1	5051
302	208	309	1657	369	32	33	FULL	1	23945
387	323	124	8261	1137	0	0	FULL	2	30624
464	353	119	5206	904	0	0	FULL	5	22249
452	303	121	8085	1087	0	0	FULL	2	19864
398	307	119	2537	473	0	0	FULL	1	26933
313	267	233	6493	679	21	25	FULL	2	12017
489	372	107	8814	2000	16	21	FULL	1	3838
282	197	226	10150	2000	22	25	FULL	1	15877
343	238	239	4816	1034	0	0	FULL	3	22720
329	254	234	4816	390	0	0	FULL	4	20273
400	221	197	11375	2000	0	0	ALL_EDGES	3	25124
378	251	206	13260	2000	23	30	FULL	2	13030
347	230	170	8734	2000	0	0	FULL	3	15839
312	269	160	8937	2600	18	20	FULL	2	7791
424	327	119	8283	1059	12	11	FULL	1	6764
364	219	194	10431	1823	21	24	FULL	1	14520
371	283	119	6662	853	13	12	FULL	2	1052
361	259	166	9749	2000	0	0	FULL	1	1878
280	249	208	11382	2000	0	0	FULL	1	688
521	286	117	3395	508	0	0	FULL	4	16297
323	315	153	9889	2000	0	0	FULL	1	10302
343	292	155	9687	2000	0	0	ALL_EDGES	2	31173
283	218	204	2937	552	12	11	FULL	4	3968
393	321	147	3385	686	0	0	FULL	3	9596
365	220	205	11368	1218	9	11	FULL	1	6689
368	254	165	9656	2000	15	20	FULL	4	16384
399	266	174	11359	893	31	32	FULL	1	6543
352	248	200	12145	2600	0	0	FULL	2	12330
377	294	167	11433	2000	18	16	FULL	1	17804
441	381	104	5600	683	14	19	FULL	3	9119
312	253	196	11253	1187	23	26	FULL	1	17865
405	253	180	11470	2000	11	13	FULL	2	28911
363	256	188	630	250	0	0	ALL_EDGES	3	7466
437	256	138	3596	548	0	0	FULL	2	23501
279	184	321	3382	745	0	0	ALL_EDGES	2	21017
293	233	212	754	275	29	33	FULL	2	10374
409	296	128	3022	505	0	0	FULL	4	6467
440	278	159	3685	487	0	0	FULL	1	16170
335	218	185	9247	2000	38	37	FULL	1	23545
341	206	207	10367	2000	0	0	FULL	1	5686
425	227	140	3685	613	13	12	FULL	1	19791
365	271	126	6912	839	0	0	FULL	1	7223
338	262	152	8397	2000	0	0	FULL	1	1458
293	231	215	1319	392	33	31	FULL	1	19111
404	290	166	11661	1175	0	0	CORNERS	1	12148
346	258	174	10183	2000	18	20	FULL	1	17457
376	290	160	10640	1197	12	13	FULL	1	14857
337	264	174	1131	470	19	19	ALL_EDGES	3	2362
327	213	265	15114	2000	0	0	FULL	1	4489
440	311	92	5462	789	15	18	FULL	1	3649
396	202	181	9106	2000	0	0	FULL	1	22242
344	223	189	9903	2000	0	0	FULL	2	28228
310	155	321	14167	2000	22	21	FULL	1	22493
374	394	112	3465	922	0	0	FULL	1	26370
291	206	209	9662	2000	0	0	FULL	1	14184
339	238	154	1462	250	17	14	FULL	1	1676
255	191	318	15422	2000	0	0	FULL	2	29189
352	227	218	12635	2000	22	25	ALL_EDGES	6	1206
459	243	175	11271	476	17	20	FULL	1	31977
342	249	204	12425	1241	0	0	FULL	5	16702
267	255	272	16798	1652	0	0	FULL	1	19605
332	195	193	500	350	0	0	FULL	1	10627
374	229	145	7287	1146	0	0	ALL_EDGES	1	17486
396	229	149	7735	1125	0	0	FULL	1	22044
361	240	144	2400	490	0	0	FULL	3	3743
362	248	162	9019	2000	14	18	FULL	1	23813
444	280	141	5092	1003	17	18	FULL	3	11592
389	277	180	12324	2000	16	20	FULL	1	30099
251	154	322	1662	414	0	0	FULL	1	12437
291	204	278	3135	883	26	28	FULL	1	15417
339	191	224	3045	293	0	0	FULL	1	32259
364	199	214	10927	2000	27	28	FULL	5	23114
324	219	283	16900	2000	0	0	FULL	3	1574
270	167	276	11362	2000	27	32	FULL	3	24377
308	262	155	8187	2000	0	0	FULL	3	22929
416	246	122	3250	1109	13	11	FULL	1	15995
374	220	242	14720	2000	0	0	ALL_EDGES	2	20049
312	234	199	10614	2000	25	22	FULL	2	20599
278	198	229	10275	2000	23	21	FULL	1	19163
321	252	240	15346	1215	32	37	FULL	4	32542
358	183	221	10454	2000	21	27	FULL	1	13200
318	241	189	10266	2000	0	0	FULL	3	15
330	218	202	2552	826	0	0	FULL	2	19411
460	223	180	10822	858	0	0	FULL	3	4628
356	309	141	9129	1141	11	14	FULL	1	31885
376	312	115	7047	1091	0	0	FULL	1	28825
262	211	244	216	294	0	0	FULL	1	31800
304	238	187	9706	2000	0	0	FULL	15	10809
324	218	205	667	250	22	27	FULL	2	29709
347	257	185	11121	1223	26	26	FULL	1	9227
395	247	159	9191	872	5	6	FULL	6	16916
341	273	176	1435	250	16	20	FULL	2	21928
326	222	173	8400	2000	0	0	FULL	2	21254
369	271	155	2821	344	16	21	ALL_EDGES	5	24295
514	310	91	5887	473	16	19	FULL	1	24333
342	309	147	9470	1212	18	23	FULL	1	18419
326	194	230	11121	2000	23	28	FULL	3	1396
343	176	224	9976	2000	0	0	ALL_EDGES	1	22138
290	228	234	12632	2000	0	0	FULL	1	4589
347	209	254	1776	250	0	0	FULL	5	19288
541	236	137	8382	826	0	0	ALL_EDGES	2	23271
383	192	223	5082	267	0	0	FULL	1	18420
334	260	167	9497	2000	18	19	FULL	2	29802
348	302	147	9393	397	0	0	FULL	1	9725
419	260	133	7699	1101	10	9	FULL	1	29210
286	202	216	9875	2000	29	24	FULL	2	8286
380	301	136	2604	816	0	0	FULL	6	14015
350	234	201	11517	2000	19	22	ALL_EDGES	2	5711
381	323	118	7612	831	11	11	ALL_EDGES	3	24052
365	261	162	9610	2000	0	0	FULL	1	12923
363	215	160	2712	983	11	8	FULL	1	670
398	274	179	12168	2000	0	0	FULL	2	10362
329	296	190	12931	2000	24	23	FULL	2	15039
286	226	225	11687	2000	0	0	FULL	4	25281
297	217	240	12632	2600	0	0	FULL	1	5526
479	277	117	5890	1260	0	0	FULL	1	18282
425	298	107	6439	833	12	14	FULL	2	1542
503	267	123	7771	796	0	0	FULL	1	4720
298	267	196	11485	2000	0	0	FULL	1	20743
423	370	125	6669	1111	0	0	FULL	3	15283
355	301	126	2767	722	0	0	ALL_EDGES	1	71
313	183	253	1406	250	34	30	FULL	1	25876
303	266	156	8287	2000	0	0	FULL	1	15584
312	217	214	10976	2000	21	19	ALL_EDGES	2	17284
393	317	109	6723	1064	0	0	FULL	1	9013
318	216	210	10788	2000	0	0	FULL	3	5753
284	254	242	910	323	0	0	ALL_EDGES	1	2395
294	239	191	1728	250	0	0	FULL	1	1582
260	172	349	1860	473	0	0	FULL	1	10223
437	213	188	7122	1557	0	0	FULL	2	17420
384	198	205	10431	2000	0	0	FULL	1	8652
384	287	141	8788	2000	0	0	ALL_EDGES	4	38
307	221	259	1067	425	0	0	FULL	1	29740
340	245	186	10555	2000	45	46	FULL	1	13534
333	228	257	15561	2000	27	30	FULL	1	6033
340	288	200	13728	1909	23	29	FULL	1	18305
407	201	214	1890	603	36	39	ALL_EDGES	4	26722
323	205	218	1522	390	36	39	FULL	2	4801
435	353	101	4960	1286	0	0	FULL	1	21734
305	230	220	11997	2000	0	0	FULL	2	24711
369	157	216	2175	250	0	0	FULL	1	12266
350	217	231	3447	722	0	0	FULL	2	14772
400	279	157	10237	2000	2	6	FULL	2	24965
370	242	173	4045	906	0	0	FULL	10	19260
322	295	131	7450	1160	0	0	FULL	3	17776
397	322	137	9642	1113	17	17	FULL	1	17544
283	211	243	12151	2000	0	0	FULL	5	6293
293	189	225	9950	2000	24	29	ALL_EDGES	2	16520
297	140	373	15484	1300	29	32	FULL	2	3441
328	219	201	10411	2000	0	0	ALL_EDGES	5	19598
368	204	194	1406	556	0	0	FULL	3	1036
361	234	172	9294	1146	15	16	FULL	2	2286
329	266	177	10493	2000	0	0	ALL_EDGES	2	20678
330	220	214	2681	407	0	0	FULL	1	23479
364	297	144	9098	1163	0	0	FULL	1	5243
371	258	210	13840	2000	0	0	ALL_EDGES	2	1709
312	188	247	11701	2000	29	36	FULL	5	9459
322	264	229	14995	1232	31	29	FULL	1	5651
335	268	185	1089	328	0	0	FULL	5	5846
352	239	161	8478	2000	0	0	FULL	2	14292
354	335	122	2624	834	0	0	FULL	2	5218
235	192	364	18150	2000	24	24	FULL	1	31299
424	301	137	9362	1139	0	0	FULL	1	14792
388	230	174	2588	803	7	9	FULL	2	10792
405	230	215	13460	1222	0	0	FULL	1	29081
400	259	179	11488	2165	16	20	FULL	3	19955
371	206	215	1633	563	0	0	FULL	1	25718
259	165	316	1822	463	0	0	FULL	2	13728
329	266	229	15240	2600	0	0	FULL	1	5782
350	232	215	2117	655	41	41	FULL	1	14402
331	234	174	1431	447	0	0	FULL	2	25808
378	175	235	11206	2000	0	0	FULL	2	21324
363	245	163	4045	1174	0	0	FULL	2	24434
328	244	168	2551	250	0	0	FULL	1	7788
304	202	300	3737	722	0	0	FULL	2	28651
329	231	164	8162	2000	0	0	FULL	1	13938
345	289	146	6090	1665	0	0	FULL	2	17737
253	231	215	2000	270	0	0	FULL	3	11314
342	217	195	10077	2000	68	72	FULL	2	22971
275	184	248	10725	2000	0	0	FULL	2	14854
495	339	80	5265	250	18	25	FULL	2	29280
383	239	219	1460	469	21	23	ALL_EDGES	4	12658
389	298	125	1435	429	0	0	ALL_EDGES	3	4868
276	186	361	851	378	29	29	FULL	2	6012
298	226	215	11223	2000	0	0	FULL	1	19735
396	224	220	4309	785	0	0	FULL	4	7648
265	227	258	13764	2000	14	12	ALL_EDGES	1	3541
376	212	207	2458	440	0	0	FULL	1	21220
345	281	129	7150	1123	0	0	FULL	3	30571
351	292	151	9455	1187	13	8	FULL	1	25703
269	217	283	15196	2000	7	11	FULL	1	22436
366	279	151	5781	753	0	0	FULL	4	2796
393	336	147	11154	1182	0	0	FULL	4	25140
276	200	227	10287	2000	0	0	FULL	3	1782
296	213	215	10476	2000	0	0	FULL	2	5028
476	252	154	9916	1119	0	0	FULL	2	29769
349	326	145	9916	876	0	0	FULL	1	4165
423	273	135	3782	581	0	0	FULL	4	10224
298	210	265	231	250	0	0	FULL	2	32578
395	296	167	273	272	0	0	FULL	3	29520
256	220	222	10537	2000	30	33	FULL	1	25646
331	221	212	3177	250	23	21	FULL	1	29940
321	246	208	12177	2000	34	34	FULL	2	15334
295	231	185	850	1169	25	29	FULL	4	25065
402	212	218	2701	543	0	0	FULL	3	22859
406	253	151	8850	1146	0	0	FULL	1	30018
429	315	114	3704	546	0	0	FULL	1	28387
321	204	191	8850	2134	21	24	FULL	1	20720
417	235	158	8943	1163	0	0	FULL	1	7573
309	176	268	12209	2000	0	0	FULL	2	9466
393	267	190	12900	2000	7	12	FULL	2	27911
342	219	234	13230	2000	20	19	FULL	1	25170
391	260	152	9052	1147	5	5	FULL	1	29746
378	313	140	9405	1156	0	0	FULL	2	21228
347	270	154	1392	552	34	33	ALL_EDGES	1	10552
365	308	138	8912	888	9	6	FULL	2	21981
415	222	190	2222	494	0	0	FULL	1	2464
315	201	213	10152	2000	0	0	FULL	1	27017
299	230	211	11107	1406	0	0	FULL	1	11507
309	245	259	16165	2000	0	0	FULL	3	2481
326	358	158	11932	1208	12	17	CORNERS	2	26591
359	265	142	2295	472	8	8	ALL_EDGES	2	31002
257	216	280	14508	2000	25	28	FULL	1	7439
328	225	197	10309	2000	36	44	FULL	1	18931
320	163	260	11029	1226	5	6	FULL	1	13048
305	187	289	14470	1292	0	0	FULL	1	7412
367	256	208	13513	2000	41	43	FULL	4	330
391	238	178	5527	250	14	18	FULL	3	9864
340	194	189	8587	2000	0	0	FULL	3	11043
377	385	135	10939	1123	8	8	FULL	1	14358
369	248	219	14140	2600	24	23	FULL	1	21564
358	225	229	3903	917	0	0	FULL	1	21132
259	182	266	11375	2000	0	0	FULL	1	3534
259	184	284	12663	2000	0	0	ALL_EDGES	2	16572
346	166	219	9100	1698	0	0	FULL	5	16275
334	235	159	8000	2600	0	0	FULL	2	9445
312	224	194	958	529	0	0	ALL_EDGES	5	15307
330	168	226	9462	2000	30	35	ALL_EDGES	1	20994
395	282	139	8618	1163	0	0	FULL	3	27770
365	227	163	8383	2000	18	20	FULL	2	18150
377	158	328	1287	449	30	32	FULL	2	7791
368	329	152	2553	422	4	10	FULL	5	4473
393	271	183	1443	488	31	36	FULL	3	31675
361	242	189	11022	2000	24	25	FULL	3	13953
364	284	150	9269	1151	0	0	ALL_EDGES	2	26413
359	280	194	13201	1994	0	0	FULL	2	15774
312	158	253	10212	1279	0	0	FULL	1	24398
361	245	199	11970	2000	21	20	FULL	2	30719
411	225	157	8381	1153	31	32	FULL	3	24824
302	198	293	2170	408	0	0	ALL_EDGES	1	25113
351	321	163	11710	2000	0	0	FULL	1	26767
325	204	219	10875	1223	37	37	FULL	2	10442
430	273	132	8106	1093	0	0	ALL_EDGES	2	29113
466	244	137	7936	1091	15	17	FULL	3	27924
365	196	202	9932	860	20	25	FULL	1	26311
296	205	289	15557	2000	0	0	FULL	2	27023
532	191	152	7843	1095	12	14	FULL	5	6165
423	324	135	5420	250	13	11	FULL	1	1219
423	241	152	8711	1136	0	0	FULL	1	23269
467	239	166	10341	1167	0	0	FULL	1	5693
414	248	189	2067	250	36	41	FULL	1	30279
409	238	160	9052	1922	0	0	FULL	2	8859
365	236	169	9164	1142	10	11	FULL	7	3615
303	231	265	15632	2000	28	34	FULL	2	18800
511	206	175	10175	1123	0	0	FULL	4	29321
416	406	116	9750	1056	9	5	FULL	1	28242
351	174	204	8762	2000	32	41	FULL	2	9523
401	268	144	2139	531	0	0	FULL	3	13568
348	267	135	1812	700	0	0	FULL	3	18581
601	196	115	1795	423	2	7	FULL	7	2
393	291	153	10202	1135	0	0	ALL_EDGES	1	19229
412	248	132	2511	844	9	9	FULL	3	23321
287	209	224	10840	2147	0	0	FULL	2	13069
277	241	232	12834	2000	30	32	FULL	2	14044
407	323	95	1912	250	0	0	FULL	3	29812
410	388	104	4240	1077	0	0	FULL	2	18379
434	289	155	2301	630	0	0	FULL	2	15894
364	242	198	11900	2000	20	19	FULL	2	26209
370	221	165	8383	2296	0	0	FULL	1	11028
357	260	135	7187	2000	0	0	FULL	2	22124
469	413	85	2722	736	0	0	FULL	3	11480
282	239	230	12694	2000	0	0	FULL	2	939
378	291	132	4350	1270	0	0	FULL	4	826
379	178	199	1323	381	19	22	FULL	1	27961
435	291	99	5687	1014	18	18	FULL	4	24124
292	196	290	3729	250	0	0	FULL	2	25622
349	186	270	13982	603	0	0	ALL_EDGES	8	23304
453	241	142	8168	832	10	13	FULL	1	1650
381	237	172	9656	2000	0	0	FULL	1	9165
368	314	117	7168	835	0	0	ALL_EDGES	1	9424
332	211	178	1050	509	20	16	FULL	4	21346
326	282	200	13301	2000	19	22	FULL	2	25277
433	312	122	8299	1081	29	35	ALL_EDGES	4	19329
414	254	167	10377	1205	0	0	FULL	7	16385
530	378	82	1435	367	0	0	FULL	2	24711
439	199	200	4620	1100	13	17	FULL	2	4222
419	281	170	3300	475	0	0	FULL	7	4734
365	255	199	12598	2000	0	0	FULL	1	12981
279	221	235	2305	612	0	0	FULL	3	19735
307	250	164	8412	1210	0	0	FULL	5	79
442	321	109	7331	814	33	33	FULL	1	2568
291	258	220	13051	981	27	28	FULL	1	13802
252	280	205	1044	333	0	0	FULL	1	15430
455	272	157	3432	250	8	10	FULL	1	4003
338	258	143	2087	612	18	20	FULL	3	19395
294	209	204	2062	799	0	0	CORNERS	1	10308
342	253	180	10369	2000	0	0	FULL	1	30614
505	266	145	9886	1074	16	15	FULL	2	24943
409	299	135	8910	1146	9	3	FULL	4	30495
327	220	215	11501	2000	0	0	FULL	1	13275
350	248	230	14840	2000	0	0	FULL	2	2981
370	232	145	1612	250	0	0	ALL_EDGES	5	25090
562	294	112	7936	250	0	0	FULL	1	31882
313	267	186	10958	2000	36	32	FULL	2	16110
607	234	141	9200	999	0	0	FULL	3	23036
384	362	118	8646	1116	3	8	FULL	2	6264
364	243	153	3118	250	19	24	FULL	1	14132
322	271	155	8667	1379	15	14	FULL	3	9240
341	286	160	9842	2000	0	0	FULL	1	11191
459	341	119	4976	945	0	0	FULL	1	28954
331	228	219	12259	2000	0	0	FULL	5	23015
298	255	164	8550	1192	0	0	ALL_EDGES	1	28291
286	214	288	5880	250	27	29	FULL	1	1306
385	284	152	9669	859	23	25	FULL	1	1663
355	217	201	10741	2000	0	0	FULL	1	15215
320	279	207	13616	2000	0	0	FULL	2	1800
345	281	159	1224	359	0	0	CORNERS	1	8678
448	200	195	3675	509	0	0	FULL	2	12327
355	267	206	13669	1002	0	0	FULL	1	6824
294	182	270	12542	2000	24	26	FULL	2	30848
419	276	125	7482	2000	0	0	FULL	1	594
344	222	163	7975	1145	0	0	FULL	3	20423
377	313	165	11992	920	13	15	FULL	2	23474
327	294	192	1350	250	0	0	FULL	2	10279
273	232	197	850	1050	22	24	FULL	4	18317
408	251	122	1950	753	16	18	FULL	3	5992
422	299	123	7905	1056	0	0	FULL	2	26337
290	183	235	10212	2000	0	0	FULL	3	17508
320	293	165	10292	1206	19	18	FULL	4	32426
430	276	122	7308	1093	0	0	FULL	3	10912
280	173	340	16219	1307	0	0	FULL	1	30633
358	196	221	11175	2000	6	4	FULL	1	14059
338	279	164	10013	2000	19	23	FULL	1	32718
376	269	153	5363	718	16	22	FULL	1	21294
512	234	137	4422	250	13	14	FULL	1	6594
342	301	170	6352	250	0	0	FULL	4	13583
338	282	163	9982	2000	0	0	FULL	1	2253
523	344	108	2398	643	18	21	FULL	2	7711
343	268	148	8235	1188	0	0	FULL	7	20371
246	139	395	1998	741	0	0	FULL	3	20210
342	239	238	14839	2000	23	18	FULL	1	629
396	211	185	9842	2000	24	31	FULL	1	11247
271	248	231	12958	1287	0	0	FULL	1	20889
454	386	112	5167	591	0	0	FULL	2	969
504	302	102	4371	958	0	0	FULL	2	28849
217	164	351	3525	1173	0	0	FULL	4	28153
473	239	137	3301	971	11	9	ALL_EDGES	2	4987
370	261	202	13279	2000	0	0	FULL	1	17730
250	143	407	16312	2000	21	22	FULL	1	19104
384	261	145	8337	879	13	18	FULL	2	32183
340	217	224	12259	1244	0	0	FULL	1	18802
375	249	198	12413	2000	5	7	FULL	1	9071
332	284	153	8511	1245	0	0	FULL	11	21354
418	239	125	6450	825	0	0	FULL	2	23931
460	263	161	3588	870	0	0	FULL	1	28323
287	174	252	10587	2000	0	0	FULL	1	5395
401	228	159	8511	342	0	0	FULL	1	9092
332	170	222	3225	250	0	0	FULL	1	2814
444	327	100	6568	1011	0	0	FULL	9	31250
324	239	162	8162	2000	0	0	FULL	1	18122
408	227	135	6750	1123	10	11	ALL_EDGES	7	30902
486	252	164	5280	583	13	10	FULL	1	11126
313	252	196	3348	533	0	0	FULL	3	26212
326	218	175	8450	2000	0	0	FULL	2	27977
361	189	243	4488	606	28	26	FULL	1	10958
333	322	136	8627	1148	12	9	FULL	1	14140
331	242	182	9918	2000	19	22	FULL	2	12593
530	306	115	8232	1022	0	0	ALL_EDGES	1	25789
304	257	223	13650	2000	0	0	FULL	3	30906
303	175	294	13748	2000	0	0	FULL	1	23589
353	223	158	7775	2000	0	0	FULL	2	26439
262	195	265	1053	272	0	0	FULL	5	24703
388	257	125	6687	1118	11	18	FULL	4	15912
360	187	186	3150	1104	0	0	FULL	2	1074
390	289	156	5740	250	14	17	FULL	1	10258
363	250	204	12765	2000	44	47	FULL	2	8123
362	247	219	3900	924	0	0	FULL	1	6023
408	318	97	5712	824	16	11	FULL	1	5835
471	293	90	550	379	0	0	FULL	3	9238
299	215	195	9225	2000	28	29	ALL_EDGES	2	10035
335	230	202	11051	435	21	24	FULL	2	30369
415	244	153	8804	1154	0	0	FULL	2	23683
302	222	187	862	250	0	0	FULL	2	1083
344	229	210	11814	2000	21	27	ALL_EDGES	1	1119
551	238	133	5460	1296	14	15	ALL_EDGES	1	3391
494	261	136	8680	1095	0	0	FULL	2	15103
331	274	160	2755	693	26	31	FULL	3	924
356	231	188	10400	2000	20	22	FULL	1	1650
290	228	219	11469	2000	58	57	FULL	2	22196
329	203	218	10788	2000	0	0	FULL	5	18509
332	208	253	13895	2000	0	0	FULL	1	16581
310	196	205	9287	2000	15	17	FULL	2	29044
292	219	289	16557	2000	0	0	FULL	6	28981
283	177	249	2962	842	25	29	FULL	1	7219
378	290	151	9718	1200	0	0	FULL	3	17212
359	314	110	1825	551	0	0	FULL	1	195
411	307	155	3763	507	0	0	FULL	2	20232
455	201	213	12363	2000	0	0	FULL	5	25790
296	259	188	10599	2600	38	35	FULL	2	29540
382	187	176	7875	2000	3	1	FULL	4	25114
472	283	139	9472	1080	14	14	FULL	3	6652
341	237	191	10679	2000	0	0	FULL	2	9254
371	206	190	9584	2000	0	0	FULL	2	7092
326	271	164	9512	2000	18	20	FULL	1	25481
329	231	177	1593	250	21	26	FULL	2	18317
412	258	174	1646	374	33	32	ALL_EDGES	1	509
331	191	260	13282	2000	32	32	FULL	4	22346
333	217	200	10324	2000	20	20	FULL	5	21572
476	312	105	6944	1016	0	0	FULL	3	12916
267	182	279	12393	2000	0	0	FULL	1	17531
385	242	199	12284	2000	0	0	FULL	2	17831
428	292	100	5762	2366	27	26	FULL	3	11293
413	285	123	7482	1063	10	6	ALL_EDGES	3	7777
356	228	191	10478	2000	19	26	FULL	4	19715
511	243	157	10198	863	0	0	ALL_EDGES	1	31396
402	281	146	9306	1173	11	18	FULL	1	6393
424	279	114	6642	1079	0	0	FULL	1	7557
408	276	164	5587	1015	14	16	FULL	2	20263
373	280	158	10015	916	0	0	FULL	1	21335
386	300	142	9372	892	0	0	FULL	3	28043
408	238	190	5642	1046	18	16	ALL_EDGES	2	25644
307	282	179	10881	1294	31	29	FULL	1	14342
326	287	145	8370	1159	0	0	FULL	2	3976
434	242	138	7699	869	0	0	FULL	5	13647
331	250	151	5475	1216	0	0	FULL	2	23535
390	295	144	9372	1166	13	19	FULL	1	27244
479	206	178	3815	250	11	13	FULL	4	25967
327	171	297	14190	2000	0	0	FULL	1	11282
387	284	141	2216	715	0	0	FULL	3	27942
294	219	194	9287	2000	0	0	FULL	2	4241
284	201	237	11178	1284	0	0	CORNERS	2	21303
315	203	211	1309	384	34	35	FULL	2	6230
350	301	185	13084	2000	0	0	FULL	2	22888
357	202	173	8062	2000	17	19	FULL	5	20560
267	198	238	10662	2000	0	0	FULL	6	8944
344	250	192	11352	2000	0	0	FULL	3	8712
275	218	209	787	250	26	26	FULL	4	7724
377	296	165	3089	468	0	0	FULL	3	24733
266	219	249	12644	1303	0	0	FULL	5	24270
444	298	148	10569	1114	0	0	FULL	1	27630
320	194	314	17374	2600	0	0	FULL	1	3688
399	235	133	6800	1672	12	15	FULL	1	24317
437	317	112	3906	1105	12	12	FULL	4	20084
283	219	235	11977	1232	0	0	FULL	2	27985
209	194	457	23828	2000	0	0	FULL	1	3884
301	291	211	14115	2600	24	17	ALL_EDGES	1	10964
394	309	152	3496	483	9	10	FULL	2	29916
293	286	149	8250	2000	17	18	FULL	1	8623
475	289	135	4588	1090	0	0	FULL	1	2708
434	252	114	6087	1073	0	0	FULL	6	6307
520	322	98	2475	250	16	16	FULL	4	17468
480	293	117	7771	820	0	0	FULL	2	17848
344	256	154	3091	799	11	19	FULL	2	27792
288	218	247	12973	2000	0	0	FULL	4	24606
299	216	288	16335	2000	8	9	FULL	2	16955
304	223	228	2774	351	24	26	FULL	1	19427
344	210	200	10179	2000	0	0	ALL_EDGES	1	30730
306	258	183	10309	1698	0	0	FULL	4	11126
319	172	246	10773	1270	24	27	FULL	6	881
347	255	164	9236	2000	0	0	FULL	4	29114
374	206	227	12512	2000	0	0	FULL	1	3914
304	215	192	9087	2000	1	3	FULL	4	23264
295	193	271	13407	2000	0	0	ALL_EDGES	7	26237
377	188	177	7937	2000	0	0	FULL	2	457
324	244	170	9031	1220	19	19	FULL	3	15057
578	268	126	8716	1004	0	0	FULL	8	17636
291	221	242	12803	2000	0	0	FULL	1	19249
395	267	156	4174	581	0	0	FULL	1	22570
373	278	150	2697	462	8	10	FULL	2	3381
349	196	285	15990	2000	0	0	FULL	2	6749
303	235	190	9787	1476	0	0	FULL	1	24567
304	321	200	14488	1243	0	0	FULL	4	23387
252	180	277	11750	1344	0	0	FULL	1	13602
360	301	143	9114	1200	0	0	FULL	3	1862
382	222	206	11865	2000	0	0	FULL	1	29085
350	252	210	3089	306	0	0	FULL	2	1318
445	415	78	5872	250	0	0	ALL_EDGES	1	3660
326	264	168	1102	351	19	15	FULL	1	17288
380	255	150	4480	365	32	39	FULL	2	31727
571	315	108	8151	507	0	0	FULL	1	17279
286	219	264	2079	414	0	0	ALL_EDGES	3	26650
349	147	243	1812	250	0	0	FULL	4	85
362	164	210	8762	2000	39	37	FULL	2	13355
333	207	225	294	300	0	0	FULL	1	24607
392	284	139	8649	1155	33	30	FULL	2	11100
414	284	157	10674	1152	0	0	FULL	1	14854
430	359	101	7161	1053	0	0	FULL	1	25287
364	270	168	3613	982	0	0	FULL	1	28075
351	251	210	13135	2000	0	0	FULL	2	24353
285	210	243	12107	2000	0	0	FULL	1	11067
379	250	174	1996	492	17	15	FULL	2	29989
364	160	231	3793	630	13	16	FULL	3	14274
384	300	108	6287	1081	0	0	FULL	5	30299
430	313	108	3784	574	0	0	FULL	2	7634
341	248	148	7662	883	0	0	ALL_EDGES	2	16848
528	355	88	6517	434	16	18	FULL	1	19661
355	244	179	10183	2000	0	0	FULL	4	7699
304	233	177	3312	933	0	0	FULL	2	10238
470	305	87	5175	250	0	0	FULL	2	11003
403	202	167	8086	1188	0	0	FULL	1	24682
297	228	230	12400	2000	30	30	FULL	2	9684
326	239	212	12177	2000	6	5	FULL	4	21525
413	263	143	8556	873	9	12	FULL	2	10317
411	337	145	11140	1142	0	0	FULL	1	71
272	185	307	14740	2000	0	0	FULL	1	9471
450	335	103	7083	1037	0	0	ALL_EDGES	3	23343
331	206	197	2389	250	0	0	ALL_EDGES	3	2103
363	242	143	7325	1517	12	10	FULL	1	25838
318	200	212	10071	2000	0	0	FULL	1	31355
373	356	132	9765	851	28	27	FULL	2	29757
342	170	215	9087	2000	0	0	FULL	2	8397
313	265	211	13125	2000	22	25	FULL	4	18273
338	250	184	10540	1190	24	28	FULL	6	27792
377	199	207	1550	564	0	0	FULL	1	7591
299	189	292	5428	250	28	29	FULL	1	32719
220	173	488	23976	2000	0	0	FULL	2	6927
454	207	165	8757	873	0	0	FULL	2	8807
397	286	163	11063	1186	0	0	FULL	2	8392
316	283	162	9599	2000	19	24	FULL	1	16134
407	288	157	10748	882	0	0	FULL	2	11809
372	269	175	11112	2000	0	0	FULL	1	29630
398	295	132	8385	1102	0	0	FULL	3	31422
364	214	199	1829	392	40	40	FULL	1	2858
302	213	209	10246	2000	30	34	FULL	3	986
392	253	197	12772	1177	30	35	FULL	5	22095
346	229	195	10710	2000	0	0	FULL	10	1424
476	363	130	5422	860	0	0	FULL	1	25576
414	309	239	5002	620	24	26	FULL	3	28072
351	266	252	18142	2000	0	0	FULL	2	31687
443	294	165	3504	449	0	0	FULL	1	10616
379	225	324	2310	250	0	0	FULL	1	30943
420	320	205	8910	675	18	15	FULL	1	7594
428	206	346	24888	2000	0	0	FULL	2	9956
311	258	282	19350	1246	10	12	FULL	1	2843
433	257	212	3783	250	7	12	FULL	4	28036
329	244	282	18855	2000	0	0	FULL	2	21678
387	251	231	15975	2000	0	0	FULL	2	3191
328	249	277	18720	2000	0	0	FULL	2	31875
463	374	171	16785	1178	16	20	FULL	1	28620
348	249	293	21190	2000	21	23	FULL	1	24064
400	198	285	855	359	0	0	FULL	2	19535
514	361	164	6557	744	11	11	FULL	1	6852
356	233	343	2023	250	0	0	ALL_EDGES	1	23943
364	204	290	17415	2000	0	0	FULL	3	1673
362	276	236	5522	250	0	0	FULL	2	23665
516	254	180	13019	1548	8	7	FULL	1	28243
