318	248	146	7233	2000	3	4	FULL	1	6357
325	285	103	1605	480	8	7	FULL	1	236
250	163	159	799	584	0	0	FULL	1	3695
359	283	104	5334	854	14	11	FULL	2	7301
288	185	217	3128	573	0	0	FULL	4	4884
334	212	170	7908	1191	18	24	FULL	2	22847
250	225	186	8242	2000	0	0	ALL_EDGES	1	13300
234	199	162	225	294	0	0	FULL	2	28136
286	161	141	4231	1151	17	21	FULL	1	4682
368	324	101	5952	1094	14	14	FULL	2	3492
329	237	109	4598	832	14	21	ALL_EDGES	1	30644
252	132	167	4092	2000	0	0	FULL	2	16756
371	226	125	5722	878	9	12	FULL	2	12436
345	268	92	4165	1066	0	0	FULL	1	17442
350	244	135	6670	1179	0	0	FULL	3	16517
295	253	101	2070	250	0	0	FULL	1	20580
434	150	162	924	516	0	0	FULL	1	179
398	250	75	3135	851	17	18	CORNERS	3	6884
265	151	213	688	450	0	0	FULL	5	6840
252	190	114	1248	250	0	0	FULL	1	4641
437	279	94	5106	802	0	0	FULL	4	10275
336	213	147	6457	1193	15	12	FULL	3	8063
301	131	139	3470	2000	0	0	FULL	2	7732
337	207	107	1537	723	0	0	FULL	5	3992
275	178	173	943	403	0	0	FULL	1	27592
347	249	133	6670	2000	0	0	FULL	1	22966
268	165	147	513	250	32	36	FULL	3	19485
211	153	261	8423	1324	24	23	FULL	3	935
328	246	117	5329	1135	0	0	FULL	1	14538
320	225	160	4335	721	0	0	FULL	1	11141
233	154	153	770	399	29	32	FULL	2	12837
272	214	94	770	712	0	0	FULL	1	19980
349	257	50	490	250	0	0	FULL	2	27410
357	254	116	5638	1131	0	0	FULL	2	1319
310	170	200	7728	2000	0	0	FULL	1	9293
274	186	166	6077	2000	23	26	FULL	3	6011
275	235	179	8498	2000	0	0	FULL	2	11368
306	200	155	6251	2000	44	47	ALL_EDGES	4	29415
255	203	145	502	343	0	0	ALL_EDGES	2	19090
299	182	101	2227	1294	0	0	FULL	2	8471
282	162	186	6307	2000	0	0	FULL	7	21772
391	295	100	5520	1033	8	8	FULL	3	11854
312	242	152	920	360	0	0	FULL	2	23234
248	159	293	11166	2000	0	0	FULL	6	5048
257	184	159	5415	1210	8	7	FULL	1	19164
396	192	151	4370	250	0	0	ALL_EDGES	2	3644
227	193	80	1946	1526	10	12	FULL	5	13417
300	200	125	1035	700	4	6	ALL_EDGES	5	10496
252	179	123	3553	1184	0	0	FULL	2	5352
289	148	129	3410	2000	13	13	FULL	1	31253
297	230	110	4267	1132	0	0	ALL_EDGES	2	26857
318	218	167	7693	2600	19	19	FULL	6	1806
278	209	130	1837	250	12	14	FULL	1	860
331	277	93	4258	849	0	0	FULL	1	196
387	180	165	6992	1209	6	4	FULL	3	21851
419	293	77	3933	250	0	0	FULL	2	1987
306	230	163	7739	2000	0	0	FULL	1	12181
333	202	141	5766	1160	0	0	FULL	2	22470
244	208	167	6417	2000	0	0	FULL	2	2704
235	184	243	2667	250	0	0	FULL	3	19595
265	222	204	3048	874	0	0	ALL_EDGES	3	19425
231	165	222	7505	2000	0	0	FULL	2	9548
276	244	126	2975	1146	15	12	FULL	1	2813
260	186	216	8683	2000	0	0	ALL_EDGES	1	12768
198	120	315	8355	2000	21	21	FULL	1	23245
237	194	142	4615	2000	33	28	FULL	2	23716
297	242	104	4170	1118	15	15	FULL	1	24231
328	250	140	7003	908	12	16	FULL	4	10673
233	189	240	9565	1319	21	24	FULL	2	25915
274	214	179	1207	407	38	44	FULL	2	21221
334	183	172	6951	2000	0	0	FULL	2	23155
236	152	210	6397	2000	27	27	FULL	5	1780
282	184	182	760	515	32	34	ALL_EDGES	3	8906
231	161	120	3001	2000	0	0	FULL	2	28397
275	191	85	2367	1085	46	45	FULL	2	25340
252	190	219	8851	2000	0	0	FULL	1	12556
261	150	115	1705	250	0	0	FULL	1	6684
338	184	185	2173	492	0	0	FULL	6	11585
343	221	158	7560	2000	15	15	FULL	2	28520
287	162	118	3289	1175	0	0	FULL	2	16958
285	234	112	4387	1173	6	6	FULL	3	30452
269	189	168	1921	996	21	26	FULL	4	4366
264	159	204	6783	2000	32	32	FULL	5	653
414	259	107	5566	1080	0	0	FULL	1	23069
228	185	201	2992	1152	0	0	FULL	4	26779
327	139	188	773	551	0	0	FULL	1	23806
331	278	82	2730	1174	0	0	FULL	1	19918
390	242	101	4598	2000	17	19	FULL	2	13947
218	166	233	7879	2000	0	0	FULL	2	18055
332	196	176	7716	2000	0	0	FULL	1	15015
377	245	82	3337	1022	0	0	FULL	4	10104
323	176	150	5372	1142	0	0	FULL	1	742
322	172	136	4530	2000	13	11	ALL_EDGES	6	30930
299	175	181	1045	250	0	0	FULL	2	23316
229	181	132	3833	2000	35	37	FULL	3	1856
251	152	222	7233	2000	29	25	FULL	1	13037
349	251	97	4241	1077	5	0	FULL	2	25800
283	189	178	589	250	0	0	FULL	1	16313
350	247	87	3547	814	0	0	FULL	1	9323
262	79	215	3699	2000	0	0	FULL	2	16160
353	193	139	5576	895	16	21	FULL	3	15760
291	240	122	5134	2000	0	0	ALL_EDGES	1	16680
210	157	137	814	644	0	0	FULL	3	6139
310	247	137	6499	2000	12	11	FULL	3	7306
363	263	110	1533	250	0	0	FULL	1	23880
390	295	100	5543	1025	0	0	FULL	1	30688
360	259	123	6325	1157	0	0	FULL	3	28199
335	282	111	5680	1147	0	0	FULL	3	5527
248	238	145	5967	2000	21	18	ALL_EDGES	1	30851
312	236	116	2584	649	14	16	FULL	1	19439
359	237	112	617	250	0	0	FULL	2	8943
240	161	299	11431	2000	0	0	FULL	1	6543
356	258	92	3391	1277	0	0	FULL	2	17698
244	205	210	3328	250	0	0	FULL	1	18558
206	167	245	2550	534	25	26	FULL	1	7446
291	169	152	5010	2000	0	0	FULL	5	21603
349	332	104	6180	833	7	13	FULL	1	31082
335	242	105	3179	733	0	0	FULL	3	20089
233	154	125	526	250	0	0	FULL	3	32566
265	192	186	7267	1205	29	25	ALL_EDGES	1	32139
289	247	63	2007	1013	15	16	FULL	2	4315
289	193	135	1260	783	0	0	FULL	2	19496
277	238	160	3108	632	0	0	FULL	1	21210
315	177	207	1736	560	6	4	FULL	3	16400
294	250	102	1432	860	9	12	FULL	2	10170
279	194	212	9108	2000	33	43	FULL	1	27938
430	225	108	5008	1019	0	0	FULL	2	12534
186	145	166	3847	2276	0	0	FULL	2	19914
255	197	149	5265	1128	0	0	ALL_EDGES	3	25328
421	256	97	4819	1029	13	10	ALL_EDGES	4	22784
275	195	178	997	250	0	0	FULL	1	8715
309	219	126	2269	250	0	0	FULL	2	31873
367	262	110	2803	250	13	15	FULL	1	8838
211	147	144	3402	2000	0	0	FULL	5	8148
224	170	145	4053	2000	39	45	FULL	2	5740
368	189	107	1642	980	0	0	FULL	2	14774
330	233	110	4624	1116	9	12	FULL	3	29624
292	196	149	5618	2000	0	0	FULL	5	30449
421	273	100	5359	1037	14	21	FULL	3	11464
335	214	132	5576	860	11	16	FULL	1	24712
212	184	167	5239	2000	22	26	FULL	2	15047
246	189	161	5550	2000	0	0	FULL	1	14270
231	153	127	3078	2000	20	25	FULL	1	21888
314	158	232	8993	2000	30	30	FULL	2	4355
361	230	139	1575	250	0	0	ALL_EDGES	2	3030
365	283	102	5250	1067	0	0	FULL	3	1837
316	154	175	5831	2000	0	0	FULL	4	15797
386	167	116	3892	1077	0	0	FULL	1	14850
299	208	120	4440	1157	16	22	FULL	2	13405
338	284	120	6417	1387	0	0	FULL	3	31055
239	146	100	682	500	0	0	FULL	2	19522
283	222	136	5457	2000	0	0	FULL	1	2723
233	135	143	3231	2000	0	0	FULL	4	1872
354	220	148	6923	886	0	0	ALL_EDGES	2	20571
363	129	182	5559	2000	0	0	FULL	2	2898
317	233	102	1027	470	23	24	FULL	7	19866
174	110	289	6248	2600	29	33	FULL	1	12441
317	248	146	7233	1152	0	0	FULL	4	2342
297	236	149	6888	1154	0	0	FULL	2	9540
222	172	196	6367	2000	0	0	FULL	2	27861
307	191	144	5397	2000	8	10	FULL	3	16209
269	147	189	675	389	0	0	FULL	1	23263
246	172	273	10844	2000	26	28	FULL	3	22686
261	209	156	1224	423	19	32	FULL	1	11276
318	160	226	1564	527	0	0	FULL	1	13043
195	141	200	671	498	26	28	FULL	1	26089
266	176	181	935	393	0	0	FULL	3	22735
183	135	225	5439	1310	38	41	FULL	2	25951
327	212	137	5225	1156	0	0	FULL	1	18376
410	224	125	6003	1091	0	0	ALL_EDGES	2	13590
390	198	149	6635	1164	9	6	ALL_EDGES	1	19722
338	178	141	5117	1013	0	0	FULL	4	24214
304	216	144	6070	1912	0	0	FULL	1	31844
234	178	180	5977	2600	30	29	FULL	1	29615
257	178	120	1496	1115	0	0	ALL_EDGES	2	22711
219	153	284	9633	2000	0	0	FULL	1	13235
256	229	179	8022	2000	0	0	FULL	1	13117
195	123	227	533	571	0	0	FULL	3	13896
313	204	180	8015	2000	0	0	FULL	4	1223
211	187	139	709	409	50	53	FULL	1	3845
228	153	216	6577	920	0	0	FULL	1	32525
269	163	194	935	390	0	0	FULL	2	21725
214	143	279	8636	2600	23	26	FULL	7	18166
230	205	180	6825	913	6	8	FULL	1	10126
279	191	197	8043	1243	0	0	ALL_EDGES	1	20007
301	210	135	1827	532	11	13	FULL	2	1844
220	140	278	8517	2000	0	0	FULL	1	20107
298	171	147	1170	458	27	23	FULL	1	17821
254	177	167	5557	2000	22	23	FULL	1	15256
398	230	125	6083	825	0	0	ALL_EDGES	4	32492
280	239	113	4440	1204	16	13	ALL_EDGES	1	21280
249	228	150	6060	1182	0	0	FULL	1	29885
268	186	150	5175	1219	20	22	FULL	3	12624
297	226	142	2289	1036	0	0	FULL	2	624
311	163	168	5754	2000	0	0	FULL	3	23928
206	154	141	3402	2000	0	0	FULL	5	12489
328	206	140	1130	648	0	0	FULL	2	7660
249	220	82	2430	874	0	0	FULL	1	25742
270	195	142	5017	2000	0	0	FULL	1	14740
276	228	135	365	296	0	0	FULL	1	30575
277	208	200	8912	2000	0	0	FULL	3	22581
438	316	76	4221	442	0	0	ALL_EDGES	1	1410
184	125	152	2887	2000	0	0	FULL	3	14941
238	164	218	7344	2000	23	26	FULL	1	325
256	209	178	2821	871	21	18	FULL	1	24130
319	251	143	7153	2000	0	0	FULL	1	28913
456	199	127	2656	547	11	17	FULL	2	20553
369	307	102	5727	847	0	0	FULL	1	20600
295	219	70	1287	980	0	0	FULL	3	4533
367	291	89	2612	610	13	8	FULL	2	24963
271	171	97	909	525	0	0	FULL	1	17858
245	190	205	627	336	0	0	FULL	1	15245
339	229	149	7084	903	0	0	FULL	3	13
339	213	103	2070	948	0	0	FULL	1	22183
194	121	404	11970	1431	20	21	ALL_EDGES	1	14309
250	211	217	9694	2000	0	0	FULL	1	9377
214	105	201	184	250	0	0	FULL	2	24259
429	244	110	5543	1067	13	7	FULL	3	5339
281	205	200	8843	2000	0	0	FULL	3	15986
292	216	151	6612	574	0	0	FULL	1	12953
326	202	129	4998	2000	0	0	FULL	8	7107
343	243	126	5953	1142	28	26	FULL	1	918
252	203	167	6324	2000	0	0	FULL	1	1876
228	160	232	799	855	0	0	FULL	2	17974
300	224	142	6051	2000	0	0	FULL	2	7216
215	121	135	2541	2000	0	0	FULL	4	620
227	163	148	4070	2000	0	0	FULL	2	22984
246	162	189	5970	2000	0	0	FULL	1	27199
252	210	84	1287	1172	13	14	FULL	2	8494
281	214	141	1224	250	18	19	FULL	2	12440
259	211	138	787	589	20	21	FULL	2	22945
297	177	67	1582	1000	0	0	FULL	3	4655
229	175	260	10017	2000	0	0	FULL	3	24735
288	118	191	708	600	0	0	ALL_EDGES	2	31497
326	203	113	4155	1161	8	7	FULL	2	4589
332	194	101	3380	1112	0	0	FULL	3	14405
281	170	115	962	479	0	0	FULL	3	28537
285	172	112	3223	1197	16	11	FULL	2	17684
353	252	129	6520	1119	18	12	FULL	1	20401
269	232	168	7602	1199	0	0	FULL	3	32629
283	218	170	262	321	0	0	FULL	3	22980
226	169	300	11776	2000	22	25	FULL	2	29514
373	301	103	2610	553	0	0	ALL_EDGES	1	8972
318	159	148	4755	1178	0	0	FULL	1	22383
155	131	221	4765	2000	0	0	FULL	1	32627
275	197	139	4927	2000	0	0	FULL	2	17028
442	270	63	2752	427	17	19	FULL	2	15927
308	144	170	1695	250	0	0	FULL	3	17308
326	293	126	3672	250	0	0	FULL	1	29532
311	178	208	8602	2092	21	27	FULL	1	26726
333	235	96	1627	983	0	0	FULL	1	28871
235	154	207	2572	663	25	23	FULL	1	31426
312	207	163	7003	2000	19	16	FULL	1	25981
219	196	129	3872	2000	0	0	FULL	5	22587
290	207	142	1445	458	8	15	FULL	1	9978
318	245	109	901	451	36	37	FULL	2	22048
302	196	143	1300	445	6	8	FULL	1	19974
410	276	102	1127	250	15	15	ALL_EDGES	1	2445
396	243	99	3429	1434	0	0	FULL	2	14316
321	222	134	5719	1166	0	0	FULL	8	10943
226	141	142	3271	2000	28	25	FULL	4	10356
280	191	159	833	250	25	20	FULL	1	27061
279	216	199	1512	508	27	27	FULL	1	14021
346	350	95	4128	595	0	0	ALL_EDGES	2	20800
349	255	107	4959	863	0	0	FULL	1	26635
261	160	157	4621	2000	26	31	FULL	4	18944
240	145	101	665	694	0	0	FULL	1	30056
284	199	150	1411	778	7	4	ALL_EDGES	2	5634
277	155	223	1909	903	21	22	ALL_EDGES	1	3012
298	216	178	908	250	26	30	FULL	3	26120
211	153	265	8483	1313	24	26	FULL	2	26682
282	190	214	3082	924	0	0	LONG_EDGES	1	2882
313	218	95	3386	1112	0	0	FULL	5	21794
309	240	115	4853	1181	15	19	FULL	2	5941
381	249	121	1805	250	0	0	ALL_EDGES	5	24449
316	202	102	3471	1139	9	13	FULL	1	32261
275	218	200	9336	711	0	0	FULL	1	21477
300	193	181	861	452	0	0	FULL	4	31362
230	161	255	1330	718	0	0	FULL	2	31997
349	228	144	2173	487	0	0	FULL	2	14028
325	171	154	5414	1192	0	0	FULL	1	23107
215	179	117	3060	2000	0	0	FULL	1	32590
275	184	238	10092	2000	0	0	FULL	1	23260
340	267	105	1843	879	0	0	FULL	1	15345
242	194	138	4517	2000	0	0	FULL	1	8157
263	212	188	8085	2000	0	0	FULL	4	9770
322	187	124	4357	1145	12	12	FULL	1	28817
337	233	134	1984	675	16	16	FULL	1	3123
244	185	212	7999	2000	0	0	FULL	2	965
202	143	157	585	250	0	0	ALL_EDGES	2	5274
283	150	246	8862	2000	29	30	FULL	2	14200
253	202	128	1696	250	0	0	ALL_EDGES	1	21075
279	192	196	8043	2000	34	33	FULL	3	25630
271	211	149	5805	2000	0	0	FULL	3	27462
332	267	135	2172	492	9	12	FULL	1	16289
298	130	142	3520	2000	0	0	ALL_EDGES	2	20136
235	132	341	11203	2000	0	0	FULL	3	22845
274	216	194	8832	2000	0	0	ALL_EDGES	2	17976
337	229	110	4573	1132	0	0	FULL	2	14531
238	218	203	8788	2000	0	0	FULL	2	9415
292	261	112	4921	890	10	14	FULL	1	23503
283	174	133	4127	2000	15	18	FULL	4	31641
317	201	149	1216	671	47	48	FULL	1	27585
210	140	256	3720	1303	24	25	FULL	1	982
300	218	115	4350	890	12	12	FULL	1	29361
270	238	179	3116	1122	0	0	FULL	1	1085
305	202	170	7213	2000	21	20	FULL	2	7002
304	254	176	1080	350	32	33	FULL	1	31413
395	309	118	4147	631	0	0	FULL	2	25211
395	311	118	7482	1085	0	0	FULL	2	10101
333	224	235	13405	2000	0	0	FULL	1	13373
418	316	125	3580	787	11	11	FULL	1	3387
398	342	121	3366	502	0	0	FULL	2	2027
405	226	136	2337	250	9	6	FULL	2	31295
300	228	183	1537	414	42	43	FULL	3	759
534	273	137	9640	812	13	23	FULL	9	2010
347	242	209	3132	665	25	23	FULL	1	13509
275	184	248	4487	560	24	26	FULL	1	8003
374	232	202	11847	2000	0	0	FULL	1	12538
345	213	170	8137	2000	19	23	FULL	1	27542
341	227	200	10896	2000	25	29	FULL	1	7736
484	330	78	4875	314	17	23	FULL	2	7204
358	174	216	9625	2000	0	0	FULL	1	19983
311	213	188	8925	2000	24	16	FULL	1	30855
335	259	203	595	299	21	23	FULL	4	13680
330	202	293	16594	2000	28	28	FULL	2	24180
314	279	177	10695	2000	31	30	FULL	2	27741
328	265	179	10540	2000	0	0	FULL	4	27785
387	240	216	4140	743	0	0	FULL	2	7058
322	216	238	12919	840	0	0	FULL	2	13908
383	308	166	11934	1201	16	19	FULL	1	12826
326	232	217	1963	472	40	43	FULL	1	21266
323	228	182	9328	2000	0	0	FULL	3	18720
383	207	170	8370	1159	0	0	FULL	4	23004
307	225	194	1782	659	2	5	FULL	1	6262
274	190	337	17307	948	24	25	ALL_EDGES	1	5782
324	215	194	9585	2000	0	0	FULL	1	5372
363	365	125	2920	250	0	0	FULL	1	26759
294	168	252	10475	2000	26	18	FULL	2	9385
387	225	224	13650	2000	0	0	FULL	1	25480
426	266	137	8277	870	4	9	FULL	1	31687
394	268	147	8866	1182	0	0	FULL	3	21457
378	299	111	4450	1175	0	0	FULL	1	25028
345	239	189	10571	2000	20	19	FULL	2	18155
274	167	339	3859	250	0	0	FULL	1	8757
289	174	247	10462	2000	28	33	ALL_EDGES	3	16101
366	216	222	1820	382	0	0	FULL	1	27160
318	239	243	1332	479	0	0	FULL	1	14518
422	317	116	5580	250	0	0	FULL	1	8934
373	314	141	9504	2000	0	0	FULL	2	4288
350	264	146	8127	895	0	0	FULL	4	30326
285	220	199	9537	2000	0	0	FULL	1	10382
328	273	151	8491	2000	0	0	FULL	1	19203
310	251	198	1178	345	31	28	FULL	3	27440
348	229	245	14917	2000	0	0	FULL	3	13890
375	196	171	7825	2000	9	10	FULL	1	19572
491	237	150	9117	820	16	18	FULL	4	32588
410	215	176	5719	1445	15	13	FULL	1	1364
348	234	153	7700	1853	12	14	ALL_EDGES	4	23447
309	220	184	787	324	0	0	FULL	2	24142
356	243	179	4495	365	0	0	ALL_EDGES	1	14075
307	222	243	13315	2000	24	24	FULL	1	24860
546	313	73	4462	250	18	21	FULL	2	11168
301	246	182	9652	2000	0	0	ALL_EDGES	2	10246
492	251	158	6669	250	15	20	FULL	2	22360
301	175	334	16520	2000	19	17	FULL	2	27389
401	197	223	12005	2000	20	19	ALL_EDGES	3	17724
282	175	374	18925	2000	0	0	FULL	7	23157
381	363	141	2301	404	0	0	FULL	2	4799
270	161	288	1625	423	19	19	FULL	1	32653
295	202	261	961	337	0	0	FULL	4	6521
383	269	180	11766	2000	0	0	FULL	3	1295
233	194	341	16600	2000	22	23	FULL	2	2729
393	346	144	11056	1152	13	22	FULL	2	31443
296	212	232	1232	250	0	0	FULL	2	13970
364	231	160	8329	2000	0	0	FULL	1	8344
437	263	109	4750	756	0	0	FULL	3	17766
448	246	176	11427	1185	12	17	FULL	2	17908
312	296	135	1050	257	26	26	FULL	1	23406
271	280	203	1302	250	0	0	FULL	5	28991
281	212	210	9825	2000	28	24	FULL	1	30711
470	260	152	9897	1140	0	0	FULL	2	15983
371	287	136	8221	1118	0	0	FULL	1	7224
393	208	226	3977	250	0	0	FULL	1	13918
333	211	222	11563	2000	31	34	FULL	2	16448
456	239	152	3085	250	0	0	FULL	2	14494
317	158	289	1914	427	0	0	FULL	3	29510
303	150	321	13383	2000	21	28	FULL	2	146
242	187	433	2008	250	0	0	FULL	2	19382
298	212	247	12772	2000	24	30	ALL_EDGES	1	29101
378	230	155	8059	1197	0	0	FULL	1	30677
318	215	271	15466	1274	0	0	FULL	1	4763
365	240	142	7300	1148	15	19	FULL	2	25465
288	226	192	9337	2000	38	37	FULL	1	8790
346	233	242	14878	2000	36	38	FULL	3	22129
350	236	236	6357	1356	0	0	FULL	5	30912
319	180	270	12927	2000	0	0	FULL	1	8935
437	286	124	7812	1072	0	0	FULL	3	19300
315	200	199	9100	2000	0	0	FULL	1	5751
324	186	333	4840	1027	0	0	FULL	2	26563
382	186	203	1798	666	43	41	FULL	2	12572
431	265	109	3175	858	0	0	FULL	2	15653
428	176	246	12894	2000	0	0	FULL	4	12056
315	165	241	825	338	0	0	FULL	1	11195
303	227	226	1317	370	0	0	FULL	1	16590
316	247	211	12325	2000	0	0	FULL	1	1847
434	301	126	8398	1066	0	0	FULL	2	26171
360	213	202	10695	2000	0	0	FULL	3	16849
360	276	136	7749	1161	9	16	ALL_EDGES	1	25161
513	255	119	3208	521	16	19	FULL	1	8294
257	207	255	1633	483	0	0	FULL	1	15639
341	269	190	12040	2000	0	0	ALL_EDGES	2	25478
389	250	201	12948	484	13	12	FULL	6	4379
374	317	138	3052	492	9	10	ALL_EDGES	1	30233
310	230	259	15318	2000	36	35	FULL	1	21919
391	230	172	3301	250	0	0	FULL	2	19350
259	181	351	676	250	0	0	FULL	3	25693
480	410	99	8482	312	0	0	ALL_EDGES	1	20008
375	264	187	1776	559	0	0	FULL	1	9716
306	233	189	1539	471	0	0	FULL	2	23126
381	225	169	8961	2000	0	0	FULL	1	24727
351	281	178	11515	1708	9	13	FULL	4	29645
329	230	179	9166	2000	20	27	FULL	2	5516
332	283	196	13079	1239	0	0	FULL	1	19185
361	249	185	10906	2000	18	20	FULL	3	32428
378	245	167	9563	2000	9	7	FULL	1	3623
394	268	184	12363	2000	15	14	ALL_EDGES	1	26781
420	275	160	1202	328	16	19	FULL	8	25194
443	371	113	4662	887	0	0	FULL	3	31672
319	152	379	18019	2000	0	0	FULL	1	27540
306	193	247	11817	2000	32	35	FULL	4	19104
370	265	127	6187	1123	26	26	FULL	3	17456
355	283	164	8646	930	0	0	FULL	1	13467
312	282	165	3915	911	0	0	FULL	3	5235
372	276	151	9207	1146	0	0	FULL	2	17391
348	265	211	6337	250	0	0	FULL	3	9441
399	250	135	2106	250	0	0	FULL	5	3055
304	225	243	13381	2000	32	33	FULL	3	4655
261	190	271	12352	2000	25	20	ALL_EDGES	1	23381
404	345	111	7703	1085	17	22	FULL	1	11027
340	253	180	10400	2000	0	0	FULL	3	20754
272	222	323	18993	2000	0	0	FULL	3	30910
304	257	223	13650	2000	0	0	FULL	1	8725
471	122	218	2187	817	8	4	ALL_EDGES	1	21045
372	172	196	8375	2000	34	34	FULL	1	14974
327	235	163	8162	2000	23	24	FULL	2	27253
487	353	102	7665	1093	9	10	FULL	3	17315
297	162	301	2001	265	27	28	FULL	2	7672
292	199	233	1485	597	0	0	FULL	3	4798
314	264	163	8991	2000	19	19	FULL	2	8956
289	204	212	9737	2000	31	26	FULL	6	461
288	219	199	9500	2000	0	0	ALL_EDGES	3	2467
402	251	144	3030	528	10	14	FULL	1	22197
273	196	233	10450	2000	30	31	FULL	2	12621
313	241	245	14874	2000	26	31	FULL	3	10812
493	268	95	1175	402	0	0	FULL	1	5203
349	223	173	2862	735	17	14	ALL_EDGES	1	17692
358	230	189	2883	503	19	20	FULL	2	24666
418	190	221	5267	1261	0	0	FULL	2	8379
405	294	167	11980	1164	0	0	ALL_EDGES	1	27809
371	279	150	7858	1193	16	13	ALL_EDGES	2	19854
347	186	194	2637	521	0	0	ALL_EDGES	1	11876
371	242	173	9827	1166	15	18	FULL	7	28717
418	275	135	8308	1129	0	0	FULL	2	1095
407	218	152	229	250	0	0	FULL	1	9785
343	255	177	10292	2000	19	24	FULL	1	2933
297	175	259	877	250	0	0	FULL	1	12466
380	283	172	4921	1130	0	0	FULL	1	23481
285	208	210	9775	1169	28	28	FULL	3	32217
404	309	124	3239	910	0	0	FULL	2	13813
355	238	183	10292	2000	0	0	FULL	4	21504
347	291	144	7569	1064	16	14	FULL	1	21269
313	259	154	8125	2000	0	0	FULL	7	10571
399	302	137	9075	1145	0	0	FULL	1	13233
371	232	214	3145	561	26	29	FULL	4	16716
483	334	102	7260	767	14	11	FULL	1	16947
412	201	188	5642	1201	0	0	FULL	2	26806
356	254	172	9966	2000	0	0	FULL	3	28184
360	251	183	10873	2000	12	24	FULL	1	9480
300	250	219	4455	930	23	22	FULL	4	28263
346	212	225	12177	2600	0	0	FULL	2	12923
397	215	182	9734	2000	17	20	FULL	1	17045
386	218	149	7262	1133	0	0	FULL	2	5030
319	272	156	2551	250	18	20	FULL	1	7036
446	307	106	1986	702	0	0	FULL	2	30783
459	338	87	5643	745	15	17	FULL	3	21893
304	215	223	11310	2000	0	0	FULL	1	20748
352	268	185	2170	490	22	23	FULL	2	21904
300	201	256	12973	2000	0	0	FULL	2	15607
372	279	188	2359	624	0	0	FULL	3	16066
339	175	210	1325	250	36	37	FULL	1	10028
289	254	225	13233	2000	0	0	FULL	1	21103
385	321	109	5980	825	0	0	FULL	2	1206
383	288	132	7989	1112	0	0	ALL_EDGES	2	1133
324	224	213	11501	2000	0	0	FULL	5	30256
318	299	142	2025	717	0	0	FULL	1	22634
339	256	201	12372	2000	6	13	FULL	1	29170
362	289	148	6975	1185	0	0	FULL	2	17361
359	224	205	11467	2000	0	0	FULL	1	21871
320	271	213	1350	489	0	0	FULL	1	32313
300	186	260	12209	2002	26	29	FULL	2	24211
321	273	166	1406	250	0	0	FULL	2	6365
479	248	164	4602	250	0	0	FULL	1	12574
396	349	97	6372	406	0	0	FULL	3	9719
413	274	119	6858	2000	7	5	FULL	4	30832
320	256	152	875	333	0	0	FULL	1	23406
458	383	105	8473	2000	0	0	FULL	2	3285
374	246	191	11550	2000	18	19	FULL	4	17737
314	236	196	290	250	0	0	FULL	1	25221
245	154	384	16022	2000	0	0	FULL	1	24648
443	267	165	11134	868	14	18	FULL	1	28813
381	218	150	2150	653	0	0	FULL	2	2121
317	237	232	2310	508	21	20	FULL	1	30435
316	235	196	10469	2000	5	7	FULL	3	27044
269	219	262	3146	739	0	0	FULL	1	13048
303	273	163	9126	2000	28	30	FULL	1	15447
333	281	176	990	424	0	0	FULL	1	25782
353	234	200	11434	1060	23	22	FULL	4	12526
372	200	248	13801	2000	0	0	FULL	4	8521
303	203	236	11614	2000	27	29	ALL_EDGES	2	31042
344	203	194	1336	581	0	0	FULL	2	29224
275	192	294	1147	250	0	0	ALL_EDGES	1	14889
386	168	193	8175	2000	0	0	FULL	3	13886
332	193	226	10933	2000	26	32	FULL	1	13481
380	262	135	7560	1134	25	25	FULL	1	19252
470	298	143	10400	1111	0	0	FULL	2	14704
369	260	203	13338	2000	0	0	FULL	3	26881
307	234	216	1472	376	0	0	FULL	1	6612
327	268	189	11517	2000	24	26	FULL	4	30417
435	255	122	3240	860	0	0	FULL	2	16891
423	307	127	8530	1108	0	0	FULL	1	24695
338	232	199	2650	250	25	27	FULL	1	14075
346	241	197	11467	2000	0	0	ALL_EDGES	1	29441
354	277	158	2728	826	14	14	FULL	4	30011
274	248	214	11643	1285	30	34	FULL	1	14870
468	195	169	8742	872	36	39	ALL_EDGES	1	13565
340	191	253	808	250	29	30	FULL	3	22969
483	324	112	5215	250	14	16	FULL	1	1916
301	249	207	11733	2000	0	0	FULL	1	2818
326	297	191	13005	2000	0	0	FULL	4	24128
317	222	220	11780	2000	11	6	FULL	5	9710
290	223	239	8881	1380	0	0	FULL	2	23910
268	167	301	12811	2036	0	0	FULL	5	31654
341	250	181	10431	2000	0	0	FULL	1	23409
280	203	273	4247	250	0	0	FULL	2	8327
313	208	206	1674	497	0	0	FULL	5	29520
334	196	237	11904	2000	0	0	FULL	1	23288
466	305	137	4465	544	11	16	FULL	1	15465
386	243	144	7708	1146	16	12	FULL	1	15806
283	187	293	14167	2000	21	25	FULL	3	19432
369	258	163	4774	1259	0	0	FULL	1	21410
320	195	249	12415	2000	0	0	FULL	2	28119
395	319	116	7409	1112	0	0	FULL	1	10521
348	235	225	13616	1192	8	4	FULL	4	28017
292	199	232	10921	2000	32	37	FULL	1	4384
338	214	201	10266	2000	35	29	FULL	3	1889
425	373	104	7771	1033	13	15	FULL	1	20853
390	257	154	9114	1187	0	0	FULL	1	24697
271	199	249	2052	250	6	12	FULL	5	25583
425	273	134	8199	1099	14	17	FULL	6	26617
379	252	205	13221	1799	20	18	FULL	1	15973
335	291	170	2062	489	0	0	ALL_EDGES	3	18117
379	233	142	7162	1124	13	16	FULL	1	12705
309	232	216	11811	2600	0	0	FULL	1	18285
291	240	194	4077	1249	25	25	ALL_EDGES	1	24185
408	353	101	6858	822	13	17	FULL	1	16008
334	184	203	6512	1267	0	0	FULL	4	12321
458	290	147	10393	845	5	13	FULL	5	23123
364	307	112	6537	1126	0	0	FULL	4	30050
461	257	164	10920	1122	7	9	FULL	1	8008
292	268	198	5921	285	29	25	FULL	1	32176
399	218	178	9625	1159	0	0	FULL	1	25059
307	231	191	9760	2600	0	0	FULL	1	14316
472	299	110	7130	1030	5	8	FULL	2	14135
303	187	256	1638	1420	25	25	FULL	1	5130
445	296	110	6858	822	0	0	FULL	1	20165
501	251	139	8732	1066	12	11	FULL	1	31658
351	225	196	10679	2000	0	0	FULL	1	24265
389	266	160	9850	2000	15	11	ALL_EDGES	5	32423
338	194	251	1039	435	0	0	FULL	1	175
499	291	127	8880	1054	15	15	ALL_EDGES	2	7211
407	268	124	1728	647	49	47	FULL	1	13303
437	241	185	11797	1158	6	9	FULL	5	3122
321	206	251	13249	2000	32	31	FULL	2	7083
228	246	222	1750	691	0	0	FULL	1	3242
290	170	273	11812	2600	0	0	FULL	1	5876
296	206	253	12973	1236	0	0	FULL	1	13289
377	290	178	1365	325	17	15	FULL	3	7722
428	252	181	11817	1207	8	10	FULL	2	1689
418	210	211	4384	1052	12	15	FULL	2	1815
286	225	286	16650	1288	22	24	FULL	6	9988
315	203	244	1410	775	0	0	FULL	2	3825
332	244	191	10819	2000	21	24	FULL	1	17783
380	251	173	10329	2045	3	7	FULL	1	17967
357	219	211	11649	1190	0	0	FULL	2	6310
321	292	176	429	560	0	0	FULL	1	31875
322	211	229	11919	2000	0	0	FULL	2	22851
314	275	215	13967	2000	0	0	FULL	1	16396
347	261	194	12057	2000	22	25	FULL	2	3338
374	374	118	3283	520	0	0	FULL	1	5809
385	360	112	7905	1089	0	0	FULL	3	24174
388	250	139	2308	250	8	9	FULL	2	27049
326	268	222	14703	1213	26	29	CORNERS	2	16107
346	223	188	9845	2000	0	0	FULL	1	7397
365	249	214	13728	2000	28	31	ALL_EDGES	2	29864
350	245	192	11253	2000	0	0	FULL	3	17500
345	295	183	12413	2229	0	0	ALL_EDGES	4	300
431	281	153	10341	1110	0	0	FULL	4	5047
362	220	195	10493	1176	0	0	FULL	4	31812
400	283	164	11026	1197	17	18	FULL	1	1872
347	303	147	9393	1219	0	0	ALL_EDGES	2	522
462	313	134	4446	250	0	0	FULL	4	10694
325	166	286	13144	2000	27	24	FULL	3	22693
327	233	243	14504	2000	0	0	FULL	1	12609
308	173	311	3646	250	0	0	FULL	1	6320
428	302	112	4350	1205	14	16	FULL	1	23967
317	206	269	2257	250	0	0	ALL_EDGES	1	18237
337	195	206	9679	2000	0	0	FULL	7	11302
328	210	268	2331	259	27	25	FULL	1	31394
481	384	90	6847	250	45	46	ALL_EDGES	1	20748
273	233	293	17186	1273	26	27	FULL	6	19836
352	255	150	8208	1185	0	0	FULL	2	17890
467	263	134	8365	1053	0	0	FULL	4	13140
401	300	129	8277	1094	14	13	FULL	2	9064
334	246	238	15015	2000	21	26	FULL	3	2051
281	159	347	15360	2000	34	39	FULL	3	14982
264	213	275	1286	498	0	0	FULL	4	17810
325	222	228	12622	2000	0	0	FULL	2	25791
323	194	247	12322	2000	32	36	FULL	1	18084
349	256	174	10121	2000	9	10	FULL	1	10280
329	306	154	9842	2000	0	0	FULL	1	590
311	218	229	12105	1212	0	0	FULL	1	28992
334	240	156	2000	250	0	0	FULL	2	17828
435	212	190	2642	744	6	7	ALL_EDGES	4	27495
370	290	153	9883	1176	0	0	FULL	8	12108
382	247	144	1660	1755	0	0	ALL_EDGES	1	6826
363	302	114	2387	250	9	10	FULL	3	2405
349	233	191	1581	391	35	40	FULL	2	8470
355	303	162	3622	914	0	0	FULL	1	12345
288	192	225	10037	2000	0	0	FULL	1	7845
355	245	178	10152	2000	0	0	FULL	1	10861
387	208	192	899	429	29	28	FULL	2	22222
300	170	264	1485	390	0	0	ALL_EDGES	2	28787
363	259	133	7087	1153	0	0	FULL	4	12104
375	226	230	14001	1995	23	23	FULL	2	24676
446	334	131	10003	1081	13	9	FULL	2	7874
391	307	129	573	303	17	22	FULL	8	25893
316	197	249	12493	2000	0	0	ALL_EDGES	2	4948
287	222	212	1215	374	27	32	ALL_EDGES	5	27681
294	237	223	12276	2000	0	0	FULL	1	11477
346	260	172	10106	1377	16	20	FULL	2	23083
385	282	152	9685	1140	0	0	FULL	4	12617
386	326	139	9852	854	11	18	FULL	1	14123
440	187	237	13201	1188	0	0	FULL	2	13509
238	189	343	16492	2000	44	47	FULL	2	22940
373	261	200	682	344	0	0	FULL	1	11030
276	226	298	1221	342	24	26	FULL	1	13244
315	209	190	8912	1194	0	0	FULL	2	9651
521	392	96	8053	250	38	42	ALL_EDGES	1	19247
347	200	224	11392	926	0	0	FULL	9	1314
373	294	141	8928	888	8	9	FULL	2	15169
316	215	273	15558	676	0	0	FULL	6	21599
356	243	192	7111	554	0	0	FULL	1	21448
428	278	121	7308	1093	0	0	FULL	2	1022
280	276	213	2095	250	46	47	FULL	5	161
550	225	109	5103	1215	0	0	FULL	1	13152
339	240	166	3631	947	13	12	FULL	1	17648
411	260	163	10307	1188	0	0	FULL	3	23411
281	267	206	3983	250	0	0	FULL	3	5405
333	281	133	3212	250	0	0	FULL	3	7266
294	228	217	1203	354	0	0	FULL	2	11402
284	218	265	957	606	22	24	FULL	1	3491
309	257	232	14596	1709	0	0	FULL	6	8236
246	177	334	14993	2000	23	30	FULL	2	25734
373	235	221	13806	2000	0	0	FULL	2	9811
274	179	315	14864	2000	0	0	FULL	1	3395
377	313	166	2925	250	14	6	ALL_EDGES	1	4900
432	327	138	10374	1125	0	0	FULL	2	7504
475	336	109	8015	811	18	20	FULL	3	24755
278	179	312	14694	2000	0	0	FULL	1	8394
354	194	182	8287	2600	0	0	FULL	1	11080
378	223	196	10972	2000	0	0	FULL	1	27704
430	214	179	9933	886	7	8	FULL	8	5200
367	289	146	9129	1141	0	0	FULL	3	22257
411	257	147	8695	1135	0	0	FULL	2	7868
393	297	133	4216	1161	0	0	FULL	2	15749
390	284	122	7114	1108	0	0	FULL	3	14453
317	256	192	3115	928	22	25	FULL	1	6979
437	208	170	4510	250	13	14	FULL	1	824
284	209	210	9787	2000	32	31	FULL	1	3999
400	289	108	6162	1038	0	0	FULL	2	23312
307	250	162	1025	250	19	16	FULL	5	14290
381	279	164	6895	1315	12	9	FULL	1	11336
563	202	172	10179	820	0	0	FULL	2	915
364	193	234	5874	1187	19	21	FULL	2	6854
355	199	218	11144	2000	23	26	FULL	1	27571
376	279	138	8236	1120	14	9	FULL	1	8604
319	249	157	8112	2000	9	14	FULL	1	8710
358	202	229	12078	1227	0	0	FULL	4	8121
275	207	221	10162	2000	0	0	FULL	3	25446
369	227	162	1876	250	0	0	FULL	2	17042
545	304	120	8980	1027	0	0	FULL	1	12860
322	201	223	11020	1240	0	0	FULL	3	13759
312	295	200	13560	1310	24	26	FULL	6	12576
454	200	216	12460	1204	0	0	FULL	1	13052
322	223	279	16860	2000	28	29	FULL	1	29757
380	275	177	11710	2000	0	0	ALL_EDGES	1	24991
359	186	188	8350	2000	28	29	FULL	1	11505
329	257	218	13782	2000	37	38	ALL_EDGES	2	11811
431	232	195	12187	2000	0	0	FULL	3	17578
313	262	176	10019	2000	5	3	FULL	2	7526
458	293	115	7393	1030	0	0	ALL_EDGES	3	31832
403	229	157	2073	541	0	0	FULL	2	18536
412	270	175	11836	1208	0	0	FULL	1	32305
305	251	242	14966	2352	0	0	FULL	1	15063
354	217	188	9758	1174	20	20	ALL_EDGES	1	14129
319	198	199	3237	906	24	24	FULL	1	24191
297	162	281	6088	1027	22	21	FULL	2	5707
306	233	260	15447	2048	21	18	FULL	1	6286
325	299	206	14600	2000	20	25	FULL	2	20890
325	245	232	14245	2000	0	0	FULL	1	7735
330	155	363	17390	2000	33	31	FULL	3	24334
383	253	170	6484	1259	0	0	FULL	2	5755
380	238	160	8758	1169	0	0	FULL	2	20354
384	227	143	7137	894	0	0	FULL	1	6249
249	238	211	10412	2000	31	31	ALL_EDGES	2	17497
363	195	204	10019	2000	0	0	FULL	1	22256
291	235	227	12431	2000	0	0	FULL	2	9571
310	219	228	12105	2000	34	28	FULL	1	19601
282	212	242	12151	2000	0	0	FULL	1	12375
304	228	181	8862	2000	21	19	FULL	1	277
362	189	198	9193	2000	14	16	ALL_EDGES	10	24673
283	214	224	10894	1236	0	0	FULL	2	31035
326	249	240	15229	2000	21	19	FULL	1	5378
411	285	107	6062	805	16	13	FULL	1	12521
347	283	168	10626	2000	0	0	FULL	2	20723
286	229	237	1162	250	0	0	FULL	3	13411
462	255	123	7105	1055	0	0	FULL	2	25946
421	250	147	8602	1183	42	42	FULL	1	21373
249	181	277	11812	2000	0	0	ALL_EDGES	1	5003
379	231	155	8046	1160	9	9	FULL	1	7026
376	251	164	5223	892	18	24	FULL	4	4394
305	207	198	9212	2600	25	31	FULL	4	11521
228	158	400	16878	2000	0	0	FULL	5	7601
379	241	158	4321	1013	14	17	FULL	1	20625
360	304	169	1239	327	0	0	ALL_EDGES	1	5359
332	264	200	12477	1657	0	0	FULL	1	1489
475	213	193	11602	1743	16	16	FULL	1	14566
296	252	248	15336	2000	21	24	FULL	1	29556
414	310	156	6980	250	0	0	FULL	4	2928
407	352	136	10588	877	0	0	FULL	1	17597
424	244	159	3432	250	0	0	FULL	1	22135
343	241	236	2340	250	0	0	FULL	1	9495
363	264	130	862	250	30	35	FULL	3	20381
422	350	125	9509	816	17	19	FULL	3	7827
317	222	277	16477	2600	0	0	FULL	2	6730
363	180	239	11501	2000	22	26	FULL	1	899
292	217	293	16650	1262	25	19	FULL	2	28946
378	148	278	12090	2000	32	31	FULL	2	5141
342	240	176	9628	2000	0	0	FULL	1	13158
359	190	272	14633	2000	0	0	FULL	1	24762
379	280	127	7357	1106	13	14	FULL	1	3394
337	309	130	2052	448	6	6	FULL	2	20406
441	280	157	10920	1145	0	0	ALL_EDGES	1	16827
288	220	260	14157	2000	0	0	FULL	2	3362
339	156	256	10665	2600	29	32	FULL	1	30045
384	257	178	2100	250	0	0	FULL	3	3826
298	207	283	15382	2000	0	0	FULL	3	28578
357	232	188	976	250	19	23	ALL_EDGES	1	14722
334	218	172	8275	1205	17	21	FULL	2	5131
385	254	189	6105	1119	0	0	ALL_EDGES	7	19917
317	168	272	12165	2000	0	0	FULL	1	24574
377	204	188	9468	2000	0	0	FULL	1	3601
373	236	176	9858	2000	13	4	FULL	1	32658
310	224	224	8261	1390	0	0	ALL_EDGES	2	1622
414	166	270	3145	250	21	23	FULL	3	1205
390	228	174	9641	1148	17	17	FULL	1	28374
373	256	141	2092	250	6	10	FULL	2	11107
466	274	145	9731	1074	0	0	FULL	2	7850
279	166	271	1337	389	0	0	FULL	2	7429
256	239	254	480	250	0	0	FULL	1	3904
338	271	180	11121	1853	0	0	FULL	3	16553
417	289	153	3607	250	10	19	FULL	3	18949
322	200	242	3596	250	0	0	FULL	3	8578
372	208	226	12512	2600	0	0	FULL	2	17307
343	213	226	12243	1232	23	25	FULL	1	18545
411	336	120	8415	822	2	4	ALL_EDGES	3	21732
342	215	212	2170	250	0	0	FULL	1	22228
328	216	204	10483	1247	32	34	FULL	2	5222
376	236	174	9780	2000	0	0	FULL	2	5655
324	189	236	928	323	30	31	FULL	1	7373
403	355	87	5562	786	0	0	FULL	3	24259
320	206	189	8812	2000	7	8	FULL	3	1292
350	258	150	2673	509	0	0	FULL	1	6093
357	272	170	10560	1205	6	4	FULL	2	28763
330	223	224	12424	2000	0	0	ALL_EDGES	1	17024
374	265	157	1565	563	35	36	FULL	2	22705
290	202	265	13376	1299	0	0	FULL	2	8904
384	203	250	14410	2000	34	35	FULL	2	1282
322	218	178	762	332	30	24	FULL	5	6015
471	292	105	3233	774	0	0	FULL	2	16066
240	198	262	11712	2000	0	0	FULL	5	18433
368	261	172	10477	2000	17	19	FULL	1	14793
434	223	181	2065	411	0	0	FULL	1	20523
366	241	152	3618	898	0	0	FULL	1	16196
300	207	233	1116	603	0	0	FULL	3	19439
412	267	122	3294	1022	0	0	FULL	2	25445
295	204	308	16964	2000	0	0	FULL	2	8213
316	184	216	9437	2000	23	26	FULL	3	2768
420	325	143	10686	301	0	0	FULL	3	21524
372	309	135	6603	1700	0	0	FULL	2	17657
299	222	188	1450	551	0	0	FULL	1	31780
377	226	194	10939	2000	0	0	FULL	2	2397
328	206	244	12952	2000	0	0	FULL	4	17722
353	238	173	9381	2000	0	0	FULL	1	1507
447	273	127	7827	1105	0	0	FULL	1	1329
308	258	171	877	334	0	0	ALL_EDGES	2	12234
427	311	146	10725	1156	0	0	FULL	1	5457
316	218	240	1815	310	20	23	FULL	1	20544
414	343	131	9786	825	7	9	FULL	2	32350
319	219	208	2421	250	21	20	FULL	1	18102
346	235	178	9613	1205	19	19	FULL	2	5445
305	270	236	15580	2000	8	11	FULL	4	14528
300	161	319	14337	1987	24	28	FULL	2	3123
352	258	148	1674	250	0	0	FULL	2	10970
321	223	216	11625	2000	0	0	FULL	1	10416
288	252	199	11005	625	8	14	FULL	4	5157
420	270	172	3529	250	9	13	FULL	1	25706
410	355	138	10900	1095	9	10	FULL	3	15055
321	259	162	5751	250	0	0	FULL	1	13977
440	286	123	4417	635	13	11	FULL	1	11727
314	187	247	2378	250	0	0	FULL	1	9220
410	295	129	2542	250	19	15	FULL	1	2819
442	291	121	7672	1040	0	0	FULL	2	15931
337	258	178	10385	2000	0	0	FULL	5	31040
422	232	158	8866	886	0	0	FULL	4	29585
408	248	133	2470	250	9	13	FULL	2	26255
422	231	138	7263	819	10	10	FULL	2	5293
365	256	134	7087	1165	0	0	FULL	2	5138
408	369	96	1290	531	33	31	FULL	1	1179
341	242	164	2929	334	0	0	FULL	1	19948
314	181	219	962	250	31	31	FULL	1	15640
367	246	205	1942	589	0	0	FULL	4	10965
413	293	128	4061	915	13	14	FULL	2	18618
398	239	132	4950	1534	0	0	FULL	2	14931
424	231	200	5518	250	0	0	FULL	2	12036
374	217	215	12197	2000	0	0	ALL_EDGES	1	19433
332	242	181	9860	2000	0	0	FULL	1	6811
349	167	214	8987	1091	0	0	FULL	2	8079
399	300	164	11641	892	0	0	FULL	2	13184
421	322	107	6945	1064	0	0	FULL	1	22272
357	269	151	8772	888	0	0	ALL_EDGES	2	17780
483	304	113	7606	1051	0	0	FULL	2	28054
363	240	144	825	458	30	31	FULL	5	313
333	154	283	12107	2000	26	31	FULL	2	16063
359	240	180	1410	545	0	0	FULL	2	20882
350	244	182	10323	2000	0	0	FULL	4	8654
287	203	231	3010	250	26	24	FULL	2	12822
385	230	141	7087	1176	4	4	FULL	1	15883
318	263	232	15171	2000	0	0	FULL	1	13489
232	240	261	2392	456	24	25	FULL	1	31762
329	202	189	8712	2000	20	21	FULL	1	23717
415	274	128	7583	1071	0	0	FULL	2	27619
420	277	168	11524	1155	18	13	FULL	6	2810
475	273	127	8101	1077	12	19	FULL	1	9552
355	254	160	9048	1755	14	20	FULL	2	17196
403	242	159	3425	656	0	0	FULL	1	23543
333	228	165	8137	1211	17	19	FULL	3	32714
382	246	164	9455	882	0	0	FULL	5	29308
359	173	283	14105	2000	22	24	ALL_EDGES	1	23847
328	244	193	10927	2000	0	0	FULL	3	13825
360	313	120	7317	850	0	0	FULL	2	432
463	253	107	5737	812	0	0	FULL	4	11877
344	194	248	4125	546	23	23	FULL	2	12472
301	271	153	675	642	18	17	FULL	1	21670
313	207	239	12322	2445	37	42	FULL	1	30941
309	163	309	13950	2000	27	29	FULL	1	29885
316	237	220	12573	2000	28	26	FULL	1	5846
299	163	319	248	275	26	29	FULL	2	13769
348	227	197	10741	2000	0	0	ALL_EDGES	8	19019
382	265	143	8294	1124	0	0	FULL	1	31043
258	188	363	18410	2600	0	0	FULL	2	14277
290	235	183	3762	276	0	0	FULL	1	5561
448	269	137	8613	418	0	0	FULL	2	26568
361	215	187	9657	2000	0	0	FULL	2	7875
437	272	131	7998	851	0	0	ALL_EDGES	3	10496
304	188	305	15750	717	0	0	ALL_EDGES	4	3380
493	202	125	5987	810	13	13	FULL	1	23512
406	272	149	9355	1153	13	19	FULL	2	22025
302	223	230	12307	2000	0	0	FULL	1	31737
343	229	185	9816	2000	51	51	FULL	1	6461
281	219	252	1100	468	0	0	FULL	3	21635
350	219	241	14023	2000	0	0	FULL	2	22510
479	358	79	3280	568	0	0	FULL	2	2179
342	220	259	1053	279	20	14	ALL_EDGES	3	14133
279	220	252	13314	2000	29	31	ALL_EDGES	2	19711
344	229	158	7862	1164	3	0	FULL	1	7417
345	227	210	11797	2000	38	37	FULL	1	15543
345	258	174	10168	912	0	0	FULL	1	30792
311	202	230	11339	1213	0	0	FULL	2	21451
336	224	167	8150	2000	0	0	FULL	2	4197
498	183	170	8494	854	0	0	FULL	1	15868
526	374	79	2712	464	0	0	FULL	1	15577
386	300	151	10237	1184	0	0	FULL	4	20425
259	218	221	4562	250	22	19	FULL	3	28483
461	259	154	10064	1105	0	0	FULL	3	1682
389	340	117	8013	1086	0	0	FULL	1	22525
335	226	245	14411	2000	0	0	FULL	2	17879
320	202	208	9963	2000	0	0	FULL	4	18150
311	201	313	17589	2000	27	29	FULL	1	18220
399	294	141	2409	427	5	2	FULL	1	24234
363	258	144	3699	1132	13	19	FULL	3	15729
287	191	302	15180	2000	24	24	ALL_EDGES	1	12375
440	363	122	9730	1077	0	0	FULL	2	22031
271	190	242	10662	2000	0	0	FULL	4	9679
296	240	275	897	250	29	31	ALL_EDGES	2	23653
473	283	169	12600	1145	0	0	FULL	1	112
419	248	274	2536	358	33	29	ALL_EDGES	5	7584
479	365	152	14045	1112	0	0	FULL	1	276
323	245	283	19057	2000	21	29	FULL	3	7217
394	375	186	17517	2000	4	3	FULL	1	32418
349	266	253	6157	899	0	0	ALL_EDGES	2	6002
414	273	190	13502	1199	12	12	FULL	1	20282
444	333	180	3127	472	0	0	FULL	2	4355
490	353	170	16313	857	38	38	FULL	1	7863
338	192	409	26023	2000	0	0	ALL_EDGES	2	13378
404	323	241	1827	302	30	32	FULL	7	22819
408	308	211	17596	2000	0	0	FULL	2	10023
374	279	206	14684	2000	0	0	FULL	2	1874
370	268	207	14104	2000	0	0	FULL	2	7698
373	254	226	2515	461	39	44	FULL	1	29331
419	290	168	12115	1179	27	27	FULL	4	17308
551	324	115	8958	1012	0	0	FULL	1	13860
286	219	327	19618	1473	0	0	ALL_EDGES	1	1547
326	208	419	28756	2000	0	0	FULL	1	21220
