207	173	182	325	271	0	0	FULL	1	10608
295	195	147	5550	2000	9	14	ALL_EDGES	1	1893
318	209	173	7820	2000	20	21	FULL	3	23220
298	197	128	4575	873	13	18	FULL	12	4139
311	155	175	5873	2000	0	0	FULL	1	10180
342	284	108	2173	736	0	0	FULL	3	18750
355	257	126	6428	1155	14	15	FULL	1	15399
267	230	122	4702	2600	0	0	ALL_EDGES	2	19373
323	229	155	7383	2000	17	16	FULL	4	19065
311	246	111	2354	924	13	15	FULL	1	14394
344	157	195	7266	2000	0	0	FULL	4	26741
245	144	128	3001	2000	11	15	FULL	4	28279
234	152	154	4081	2000	0	0	FULL	2	5468
275	186	186	294	250	28	29	FULL	1	9030
331	190	190	8376	2000	37	35	FULL	3	8093
192	149	158	3699	1207	0	0	FULL	1	25601
368	322	101	5964	846	8	11	FULL	5	28019
215	111	272	6513	2000	22	17	FULL	3	27922
291	241	165	1311	466	28	23	CORNERS	2	30687
312	278	98	4479	1120	0	0	FULL	1	25242
349	232	117	5177	1095	9	10	FULL	1	24649
272	183	172	6188	2000	0	0	FULL	2	25589
266	197	105	2579	1173	16	15	FULL	1	18889
203	175	184	1007	571	23	24	ALL_EDGES	1	3334
397	232	104	4607	1060	0	0	ALL_EDGES	2	13700
374	205	124	5149	1148	15	14	FULL	1	613
357	197	164	4048	250	0	0	FULL	2	14725
193	138	132	2646	2000	0	0	ALL_EDGES	1	14077
260	184	158	5362	2000	42	42	FULL	1	5711
278	199	154	5822	2000	0	0	FULL	1	12994
297	169	150	4927	2000	0	0	FULL	1	18442
294	236	108	4252	1176	8	15	FULL	5	7359
327	260	100	2048	554	12	16	FULL	2	23281
202	117	147	206	320	0	0	FULL	2	20707
227	139	176	418	495	0	0	FULL	1	17262
370	195	145	6153	1173	0	0	FULL	1	30303
239	179	152	812	250	0	0	FULL	1	21884
261	170	260	10315	2000	0	0	FULL	2	25666
298	218	100	526	519	16	22	FULL	2	24221
273	214	196	8889	2000	0	0	FULL	4	15306
341	235	131	6079	863	9	5	FULL	4	31204
323	268	87	3690	1090	16	17	FULL	2	13369
223	211	181	569	250	30	28	FULL	2	1542
371	266	117	897	344	31	38	FULL	4	25728
259	206	141	5100	2000	0	0	FULL	1	24759
240	171	160	4849	2000	10	12	FULL	2	10675
215	109	191	1125	338	0	0	FULL	3	28304
277	235	146	6374	2000	0	0	FULL	1	12766
229	175	237	8683	2000	0	0	FULL	1	25404
380	193	102	300	361	0	0	FULL	3	19048
382	192	157	6877	1163	14	16	ALL_EDGES	2	27869
220	148	139	301	318	0	0	FULL	1	25293
269	177	221	8631	2000	30	31	ALL_EDGES	2	9450
260	199	184	931	575	0	0	FULL	5	30900
208	169	128	3240	2000	0	0	FULL	1	5680
333	226	140	1627	439	14	14	FULL	1	8122
303	245	101	4072	1137	12	11	FULL	1	18152
221	131	258	1155	768	0	0	FULL	1	20944
338	178	124	2385	250	0	0	ALL_EDGES	2	13673
343	251	111	5082	1084	14	19	FULL	3	31162
236	172	284	1449	409	0	0	FULL	5	12307
296	181	140	2227	250	0	0	ALL_EDGES	2	941
272	188	147	5085	2473	23	23	ALL_EDGES	1	32406
263	222	206	1452	487	0	0	FULL	1	14387
161	113	248	4936	2000	0	0	FULL	3	5631
225	196	125	3773	2000	0	0	FULL	1	11132
296	177	124	3919	877	15	16	FULL	4	6954
203	132	357	11067	2000	10	10	FULL	1	5832
315	225	92	3321	1090	33	34	ALL_EDGES	1	32699
270	194	142	585	367	19	23	FULL	1	24183
317	192	172	1732	470	20	20	FULL	1	4639
231	176	184	6082	2000	27	24	FULL	2	24377
317	255	142	7153	2000	18	16	FULL	1	20600
332	214	120	4777	1171	9	17	FULL	3	6805
381	212	105	4292	1064	16	18	FULL	2	32627
272	147	213	6842	1260	0	0	FULL	2	24964
315	223	163	7647	1218	0	0	FULL	1	9134
299	202	124	1530	940	0	0	FULL	7	27032
332	262	120	5922	2000	0	0	ALL_EDGES	2	25372
414	189	147	2760	250	12	8	FULL	9	29134
294	192	204	1230	250	0	0	FULL	2	16258
294	173	166	5882	2000	0	0	FULL	2	25924
290	237	123	5159	1178	0	0	FULL	1	13046
239	202	238	10315	2000	27	30	FULL	1	7206
206	157	199	5759	2000	0	0	FULL	1	10073
392	239	91	2813	250	14	16	FULL	1	9006
208	129	203	4889	2000	0	0	FULL	1	29277
271	203	82	2335	1088	42	39	ALL_EDGES	5	18047
200	162	139	3420	2000	36	38	FULL	1	24559
381	268	83	3799	1741	15	19	FULL	3	8737
232	192	256	2162	681	25	25	FULL	2	5654
239	197	180	6706	2000	0	0	FULL	3	27758
269	191	225	3599	604	0	0	FULL	1	22039
252	185	141	4472	2000	0	0	ALL_EDGES	2	14084
298	202	125	2512	1114	17	24	FULL	2	24176
282	184	163	705	370	0	0	FULL	1	9459
225	116	325	2949	250	0	0	FULL	1	13704
268	153	110	576	425	48	49	FULL	1	203
330	177	163	6175	1210	0	0	ALL_EDGES	1	20076
263	237	137	5661	2000	19	20	FULL	1	8746
233	169	165	1527	1096	25	21	FULL	1	24998
402	203	104	4114	1027	0	0	FULL	5	9605
313	241	126	5624	862	0	0	ALL_EDGES	1	22330
269	209	168	6887	2000	22	24	FULL	1	8547
239	167	87	567	597	0	0	FULL	2	1018
249	158	139	3789	2000	21	25	FULL	1	22433
361	266	109	5460	1111	11	12	FULL	2	31491
351	270	111	2026	884	9	12	FULL	1	4348
324	248	143	7107	2000	0	0	FULL	3	22483
336	240	93	2565	1123	0	0	FULL	3	22787
210	140	153	3492	2000	9	15	FULL	2	12116
219	133	190	4631	2000	0	0	FULL	2	25090
313	152	179	3043	1467	0	0	FULL	3	20640
269	208	117	3984	883	1	6	ALL_EDGES	7	1381
275	170	257	10452	2000	0	0	FULL	1	1235
268	208	134	4912	2000	14	15	FULL	2	18704
337	160	212	8360	2000	34	39	FULL	4	9292
300	183	190	7665	705	25	23	FULL	1	5966
253	148	280	9901	2000	0	0	FULL	1	4969
273	160	195	6553	2000	32	39	ALL_EDGES	2	23316
272	145	217	6885	2000	24	28	FULL	2	25402
325	204	158	6783	2000	15	15	FULL	1	13922
216	181	168	5206	2000	28	30	ALL_EDGES	2	15036
317	196	169	7066	2000	0	0	FULL	1	16809
271	212	78	2290	1087	0	0	ALL_EDGES	3	7575
247	182	190	6783	2000	0	0	FULL	1	20219
282	226	133	5406	2000	0	0	ALL_EDGES	2	3118
226	115	250	6123	419	22	21	FULL	2	30407
273	210	165	6783	2000	0	0	FULL	1	21497
312	198	139	3944	1221	0	0	FULL	1	30332
322	242	147	7222	2000	5	1	FULL	2	30618
299	214	187	8700	2000	0	0	FULL	1	18184
371	217	131	1785	798	0	0	ALL_EDGES	1	7260
346	202	164	7348	2000	0	0	FULL	1	27643
273	214	163	6745	2000	0	0	FULL	1	18230
232	136	239	6840	2000	0	0	FULL	1	3455
296	222	160	7108	2000	0	0	FULL	1	6774
333	253	125	2299	250	0	0	FULL	4	9653
364	240	98	4173	801	0	0	ALL_EDGES	6	1455
234	173	211	255	250	0	0	FULL	4	17051
387	304	98	5497	1020	12	14	FULL	3	9450
318	198	183	2104	474	0	0	FULL	3	20630
338	165	135	1102	729	0	0	FULL	4	7060
247	121	117	381	601	0	0	FULL	4	4461
349	208	117	782	397	0	0	ALL_EDGES	1	28467
271	206	188	136	277	27	32	FULL	5	9471
250	152	301	11270	2000	0	0	FULL	2	9805
217	187	259	10248	2000	0	0	FULL	3	2488
229	107	266	6259	2000	0	0	ALL_EDGES	2	4856
273	138	120	2772	1169	0	0	FULL	2	4300
422	386	58	3439	479	0	0	ALL_EDGES	4	1964
277	202	81	2295	830	0	0	FULL	1	19631
308	235	104	4095	878	16	16	ALL_EDGES	1	10228
219	162	183	5375	2000	21	24	FULL	2	18993
283	208	110	3783	874	0	0	FULL	5	2625
254	221	170	7106	2434	29	26	FULL	3	12926
348	211	156	7164	2000	36	36	FULL	2	30480
411	261	89	4227	991	0	0	FULL	1	23907
258	152	115	2794	2000	42	47	FULL	2	28246
328	242	107	4581	1121	13	13	FULL	2	25821
255	211	223	10152	2000	0	0	FULL	2	22313
219	173	306	12052	2000	0	0	FULL	3	17274
249	208	144	2767	410	0	0	FULL	1	10927
215	107	196	3879	2093	25	22	FULL	2	31021
265	166	171	5520	2600	27	24	FULL	1	12735
259	164	177	255	340	0	0	ALL_EDGES	1	11937
300	253	151	1782	288	0	0	FULL	3	581
252	158	189	5917	1216	23	24	FULL	2	21215
256	151	221	7148	2000	0	0	FULL	1	23570
180	150	243	6708	2000	20	25	FULL	4	4631
252	177	191	1224	652	24	29	FULL	1	8717
403	272	105	5577	1070	0	0	FULL	1	22576
267	252	97	1540	1052	12	11	FULL	3	2583
363	210	98	3697	1080	0	0	ALL_EDGES	5	8201
323	191	122	1177	450	18	13	FULL	5	13402
233	111	329	8959	2600	0	0	FULL	1	16628
320	187	142	5261	1135	17	14	ALL_EDGES	2	18360
276	176	195	855	381	33	35	FULL	2	3412
315	140	237	8295	653	0	0	FULL	3	5452
254	149	173	4894	2000	23	27	FULL	7	7626
316	207	145	845	378	0	0	FULL	3	6538
327	278	82	2077	1179	0	0	FULL	2	24461
269	221	143	5720	2000	23	24	FULL	2	8554
291	245	91	1540	1052	0	0	FULL	3	3412
334	249	139	6911	867	0	0	FULL	1	594
323	211	169	7682	2000	19	21	ALL_EDGES	1	6477
263	190	210	8515	2000	5	4	FULL	1	8073
255	211	176	7210	2000	0	0	FULL	1	26265
288	198	149	5652	1661	0	0	FULL	1	19874
248	169	202	850	250	0	0	FULL	1	6576
295	225	158	7087	2000	0	0	FULL	1	19378
243	170	182	5902	2000	23	27	FULL	1	19489
238	185	172	742	564	28	34	ALL_EDGES	1	8955
290	259	100	855	748	26	28	FULL	2	27860
265	224	201	9516	2000	0	0	FULL	2	235
230	186	176	5955	2000	22	25	FULL	1	1105
277	220	155	6555	2000	0	0	ALL_EDGES	1	32592
250	157	267	1197	462	23	21	ALL_EDGES	2	17102
337	244	127	6037	2000	17	21	FULL	3	20007
199	146	189	4834	2000	26	31	FULL	4	756
276	160	102	2565	1156	0	0	ALL_EDGES	2	4673
249	165	231	1558	290	0	0	FULL	2	1916
419	251	81	1394	787	0	0	FULL	4	29710
337	231	148	2840	836	0	0	FULL	3	28097
372	289	112	6216	1109	0	0	FULL	6	11012
356	219	122	1368	250	5	3	FULL	3	951
427	221	111	2751	599	13	11	FULL	2	7367
204	136	163	3649	2000	0	0	FULL	1	8661
271	223	198	9348	2600	35	35	FULL	1	6524
239	167	137	3833	1235	0	0	FULL	7	26635
377	237	106	4769	1101	35	39	FULL	1	9815
190	135	176	634	546	4	4	FULL	4	442
415	219	127	2265	878	10	7	FULL	2	25428
295	254	140	6699	2000	0	0	FULL	1	9978
234	185	196	7055	2000	31	32	FULL	1	5264
337	231	109	4547	1140	0	0	FULL	2	5263
303	188	201	8567	2000	0	0	FULL	2	16580
282	240	81	2794	2000	0	0	FULL	2	9625
335	217	130	1482	454	0	0	FULL	4	31675
406	250	74	3082	915	0	0	FULL	1	16932
290	217	119	465	250	0	0	ALL_EDGES	1	18688
254	237	190	9050	2000	0	0	FULL	2	31782
300	196	127	4545	888	0	0	FULL	1	12480
265	235	120	2295	651	0	0	FULL	4	26642
348	248	133	2012	643	0	0	FULL	1	16058
301	186	152	5593	2000	18	22	FULL	1	19498
263	134	156	506	250	0	0	FULL	1	626
361	272	87	3000	705	0	0	FULL	1	9273
270	150	87	1624	862	19	21	FULL	4	6813
256	132	251	7582	2000	0	0	FULL	1	15160
334	192	117	1350	677	17	10	FULL	2	19509
312	219	124	5015	1142	0	0	FULL	4	18327
273	173	158	5242	1032	0	0	FULL	6	17581
359	204	157	7072	353	0	0	FULL	2	10009
266	246	145	6460	2000	12	16	FULL	3	18860
275	236	116	1245	811	7	9	FULL	4	21186
278	177	213	8358	2000	33	33	FULL	1	25599
264	166	172	5542	2000	0	0	FULL	1	11001
251	202	149	5302	2000	27	24	FULL	1	5048
183	113	365	9270	2000	14	13	FULL	8	7865
265	217	148	5839	2000	0	0	FULL	4	31316
304	241	102	4087	1140	0	0	FULL	1	14716
279	215	192	2415	914	10	12	FULL	1	16053
211	149	301	10060	2000	0	0	FULL	1	21229
329	167	101	1177	927	11	14	ALL_EDGES	2	8783
316	186	180	913	352	21	27	FULL	1	22092
323	205	113	4162	1162	0	0	FULL	1	12524
243	157	118	2898	2000	4	3	FULL	3	7468
200	169	222	7080	2000	0	0	FULL	9	18372
306	261	150	7788	2000	19	18	FULL	2	6244
269	234	119	4627	2000	8	11	FULL	1	6558
241	213	147	5370	2000	0	0	FULL	1	31666
313	270	136	7038	1799	0	0	FULL	2	9263
277	255	107	4350	1132	0	0	FULL	3	31338
441	276	86	4105	1304	15	15	FULL	4	11457
243	152	309	11557	1302	0	0	FULL	1	3786
258	202	105	3272	1207	14	12	FULL	3	14119
373	204	99	1882	250	12	15	FULL	3	20947
271	196	225	9912	2000	0	0	FULL	3	21678
280	188	161	5933	2000	0	0	FULL	2	30041
279	138	247	8075	2000	4	7	FULL	1	30194
229	207	202	8056	2225	0	0	ALL_EDGES	2	12180
262	181	222	8746	2000	49	50	FULL	1	2421
368	228	137	6566	1123	5	12	FULL	1	24393
266	160	199	6698	2000	32	31	ALL_EDGES	1	30
286	109	337	3223	250	0	0	FULL	1	12858
224	174	167	5109	2000	0	0	FULL	3	22492
272	148	112	1615	1162	15	13	FULL	1	29783
351	257	116	1879	854	0	0	FULL	1	6796
203	131	131	2572	1241	0	0	FULL	1	1610
380	247	90	3952	1005	36	36	FULL	1	23487
315	192	156	6194	2000	0	0	FULL	1	7184
233	161	306	11718	2000	0	0	FULL	2	22581
266	236	151	1548	761	0	0	FULL	1	7620
340	273	91	2677	656	14	14	FULL	1	22300
264	199	179	1263	427	0	0	FULL	2	24184
332	210	150	6562	2000	0	0	FULL	2	13265
307	238	157	7590	2000	0	0	FULL	2	25186
265	220	180	682	328	27	31	FULL	2	18585
173	121	312	7670	2000	21	22	FULL	1	3696
249	164	159	435	326	0	0	FULL	2	32634
289	196	185	7686	2000	0	0	FULL	2	25514
329	192	103	1625	559	0	0	FULL	4	29994
274	179	234	805	250	0	0	FULL	3	9093
261	179	182	6477	2000	32	32	FULL	1	32309
390	217	136	6382	1139	11	19	FULL	3	11035
272	190	145	5047	2000	0	0	FULL	5	8431
365	241	119	5649	1110	0	0	ALL_EDGES	2	32605
252	139	214	412	315	29	33	FULL	7	27876
329	246	130	6163	1151	6	6	FULL	3	23072
265	191	188	7296	627	0	0	ALL_EDGES	2	4212
293	248	131	5899	1159	0	0	FULL	4	9444
261	168	273	11016	2173	0	0	FULL	1	18983
233	140	199	325	273	0	0	FULL	5	14985
283	222	184	2426	361	0	0	ALL_EDGES	3	11623
269	193	125	1027	773	0	0	FULL	1	29447
265	171	231	1659	250	24	29	FULL	2	5478
206	139	157	3573	1218	29	32	FULL	5	22392
221	167	177	5278	1251	0	0	FULL	1	10416
373	185	167	7153	2000	39	37	FULL	2	8333
273	267	117	1232	722	5	7	FULL	1	888
319	207	175	1265	600	37	36	FULL	3	3685
488	375	63	4036	332	18	19	FULL	3	23623
293	217	149	6260	2000	0	0	FULL	1	25429
303	240	103	4117	846	0	0	FULL	2	1184
200	174	245	8381	2000	0	0	FULL	1	29985
270	218	110	3874	891	44	49	FULL	1	25770
288	191	118	3880	892	16	13	FULL	2	24621
339	235	144	6980	1196	11	11	FULL	2	10717
211	139	119	2418	1231	0	0	ALL_EDGES	1	16271
321	221	162	7555	2000	19	25	ALL_EDGES	1	9198
259	143	202	1912	870	0	0	FULL	4	30324
310	178	81	2187	2000	0	0	ALL_EDGES	3	7614
285	234	172	1564	531	0	0	FULL	4	24289
457	290	72	3648	593	0	0	FULL	1	28168
314	226	162	7624	2000	19	20	FULL	1	21907
334	205	167	7521	2600	0	0	FULL	1	17666
376	240	127	1817	447	0	0	FULL	4	12612
154	107	270	5242	593	0	0	FULL	3	14064
340	180	139	5066	1161	0	0	FULL	1	5493
267	213	132	1807	852	12	13	FULL	1	11091
289	198	114	3802	1185	13	9	FULL	1	25853
423	232	76	3067	250	0	0	SHORT_EDGES	1	12404
333	283	90	4190	1091	0	0	FULL	2	22786
307	170	183	6745	2000	24	23	FULL	3	27791
268	234	104	1514	1028	11	12	FULL	5	31802
267	200	159	6026	635	0	0	FULL	2	12324
273	218	143	357	250	0	0	FULL	2	7782
218	162	184	5401	2000	13	12	FULL	1	2686
364	227	115	997	250	36	37	FULL	3	9579
242	193	182	6706	2000	0	0	FULL	1	4240
177	158	126	2695	1220	20	16	FULL	5	28879
334	207	123	4836	2000	0	0	FULL	2	21780
249	238	143	1402	250	0	0	FULL	3	32716
307	231	134	5833	911	16	21	FULL	2	13146
234	151	240	7735	2000	25	24	FULL	1	30235
214	189	86	1018	994	13	9	FULL	1	17708
350	246	123	2163	948	0	0	FULL	2	29998
235	200	138	4576	2000	0	0	FULL	1	28336
280	162	232	1459	391	23	23	FULL	1	289
231	182	178	5985	2000	31	33	FULL	1	2940
325	191	105	3477	1106	0	0	FULL	1	6106
325	219	162	7509	2000	15	19	FULL	2	4143
425	263	76	1700	502	10	10	FULL	5	12159
296	217	70	2092	1015	0	0	FULL	2	28916
268	201	159	620	472	0	0	FULL	1	30860
300	207	137	2150	881	0	0	FULL	1	16386
305	148	189	1674	250	22	22	FULL	1	8830
224	151	133	3190	2000	0	0	FULL	4	22523
308	159	153	1642	250	0	0	ALL_EDGES	4	3181
189	92	200	997	986	0	0	FULL	3	31668
255	179	142	4472	2165	0	0	FULL	1	8845
260	193	150	5242	2000	23	25	FULL	2	28606
318	136	172	5092	2000	0	0	FULL	2	25399
351	155	157	5287	2000	31	32	FULL	2	777
420	221	124	5899	832	0	0	FULL	2	16124
321	233	160	516	373	0	0	FULL	2	17895
275	162	191	6468	2000	33	34	FULL	2	6435
364	255	113	2625	560	12	20	FULL	2	433
249	224	152	6103	1245	0	0	ALL_EDGES	6	17634
264	180	95	2538	863	10	12	FULL	1	25447
224	169	199	1650	250	27	23	FULL	6	11028
280	229	179	8429	1215	0	0	FULL	1	24313
405	222	106	2422	590	12	10	ALL_EDGES	1	16145
245	166	110	2803	2000	15	16	FULL	1	25282
276	192	141	4957	1192	0	0	ALL_EDGES	3	611
301	251	152	2415	286	0	0	FULL	1	30850
183	108	227	4468	2000	0	0	FULL	2	21735
263	207	175	7087	2000	0	0	FULL	1	29005
171	125	164	553	295	28	33	FULL	1	9537
190	98	241	4513	2000	0	0	FULL	1	4814
339	244	139	6854	1208	0	0	FULL	3	17826
331	258	123	1449	426	4	4	FULL	1	26498
261	171	124	3509	2000	18	17	FULL	3	22729
311	235	144	5323	1221	16	14	FULL	1	31235
284	111	268	7446	2000	0	0	ALL_EDGES	1	11601
293	186	155	5703	1185	0	0	FULL	4	15000
276	223	187	8648	2000	0	0	FULL	2	14392
321	278	129	6808	898	0	0	FULL	1	27679
313	186	129	2985	250	16	18	FULL	2	1999
243	146	155	4026	2000	0	0	FULL	1	297
528	224	97	4749	354	0	0	FULL	2	25567
266	140	121	2817	2000	0	0	FULL	1	9093
243	196	242	1989	250	0	0	FULL	6	21110
341	229	122	1643	655	8	17	FULL	7	30355
397	180	147	5974	884	10	10	FULL	1	8935
227	195	271	11712	2000	24	26	ALL_EDGES	1	13890
369	227	125	5754	1132	0	0	FULL	1	30987
279	194	83	2317	1072	0	0	FULL	1	18820
367	331	95	2875	250	0	0	FULL	4	24522
186	135	178	180	250	0	0	ALL_EDGES	2	20274
254	169	198	6817	2000	26	32	FULL	1	7486
281	185	124	572	357	0	0	FULL	1	24046
270	165	168	5430	2000	36	40	FULL	1	2286
327	217	135	1168	1000	17	21	FULL	2	28893
257	205	181	7277	2000	0	0	FULL	3	19326
262	138	208	6067	1237	0	0	ALL_EDGES	3	31118
379	240	126	2150	250	9	9	FULL	1	13283
246	180	125	253	312	18	16	FULL	4	23003
284	187	217	9142	2000	0	0	FULL	1	15119
212	139	153	342	356	31	37	FULL	2	10604
390	232	127	2104	664	0	0	FULL	1	14795
254	213	212	609	319	0	0	FULL	2	10742
229	162	201	1515	520	23	21	FULL	2	15041
287	246	121	5142	1158	34	32	FULL	1	22313
304	240	158	7659	2000	19	22	FULL	2	10221
309	262	106	4666	2000	0	0	FULL	1	14082
307	174	216	8809	2000	0	0	FULL	3	31513
279	145	260	472	298	28	26	FULL	3	25569
211	188	113	3037	1163	0	0	FULL	2	17218
201	114	154	451	656	0	0	FULL	9	26539
262	172	256	10235	856	26	20	FULL	4	2457
275	194	226	9852	2049	23	26	FULL	2	6305
189	129	144	882	330	0	0	FULL	1	6248
249	172	152	4654	2000	0	0	FULL	1	12707
240	162	167	4953	2000	28	32	FULL	3	7104
282	233	145	6289	2000	17	16	FULL	1	2105
346	227	109	4488	1132	14	20	FULL	2	8777
309	183	133	4582	873	0	0	FULL	4	9656
392	253	116	2380	923	10	12	FULL	1	3151
283	210	110	3789	1521	0	0	FULL	1	871
280	163	252	9855	2000	0	0	FULL	5	28748
192	134	174	3865	2000	0	0	FULL	2	13600
253	187	116	929	480	8	5	FULL	1	25754
380	218	91	2947	1070	0	0	FULL	2	31447
279	219	122	4612	1217	0	0	FULL	1	31
344	264	127	908	250	32	30	FULL	2	14612
359	272	118	1541	535	0	0	FULL	2	14219
276	227	120	4597	1179	0	0	FULL	1	26462
237	197	204	7970	2000	30	29	ALL_EDGES	1	29550
317	269	100	1640	497	0	0	FULL	3	17599
294	247	117	5015	1027	0	0	FULL	1	12243
360	194	121	4641	1130	18	18	FULL	4	12628
272	160	150	4446	2000	20	16	ALL_EDGES	1	12301
240	150	180	5122	2000	0	0	FULL	3	22173
241	175	106	2781	1134	12	17	FULL	1	3754
278	138	169	4654	2000	0	0	FULL	1	17712
247	109	167	1201	250	23	24	FULL	2	13838
171	121	170	3136	2000	0	0	FULL	3	2399
277	209	182	7780	2000	23	27	ALL_EDGES	3	15026
245	143	128	1165	1096	0	0	FULL	1	3655
391	279	105	5658	1057	15	14	FULL	2	24311
292	193	204	8763	2000	0	0	FULL	1	11483
330	177	180	7140	2000	0	0	FULL	1	24815
277	132	123	2790	2000	16	15	FULL	2	2523
200	136	129	2576	1241	0	0	ALL_EDGES	2	29691
299	189	212	2832	250	25	25	FULL	1	15248
151	128	232	4932	2000	0	0	FULL	2	482
272	206	204	609	401	29	27	FULL	1	30998
265	161	152	572	250	22	26	ALL_EDGES	1	4065
229	182	180	6030	2600	26	24	FULL	1	24237
190	126	316	8520	2129	21	18	FULL	1	30901
325	234	152	667	297	18	20	FULL	3	15354
370	249	103	2128	980	11	14	FULL	1	20680
212	164	129	733	598	7	4	FULL	2	7865
246	232	201	805	479	31	32	ALL_EDGES	2	10852
203	193	141	4185	1203	0	0	ALL_EDGES	4	23010
217	162	127	3168	2000	0	0	FULL	2	8057
276	157	173	292	250	0	0	FULL	2	11221
277	232	149	6422	2000	0	0	FULL	3	30315
371	151	188	2488	561	0	0	FULL	2	31961
219	128	125	2432	2000	0	0	FULL	3	24804
237	213	228	10166	2000	26	30	FULL	7	10663
232	162	199	6292	2000	24	30	FULL	1	11931
368	220	142	2150	682	9	13	FULL	6	21155
317	188	192	8222	1243	0	0	FULL	1	31081
246	130	266	2295	250	0	0	FULL	3	9991
222	172	118	3028	2000	0	0	FULL	1	27702
337	212	160	1805	770	0	0	ALL_EDGES	1	16649
381	209	120	5025	2263	8	6	ALL_EDGES	3	17088
242	161	141	3861	2000	0	0	FULL	2	10944
358	205	102	1680	777	0	0	FULL	5	1460
246	192	180	816	250	0	0	ALL_EDGES	2	3240
198	133	133	2618	2000	0	0	FULL	5	27248
276	160	259	10039	1992	0	0	ALL_EDGES	4	27437
290	169	153	5032	2000	40	37	FULL	3	15029
305	242	163	8100	2000	20	21	FULL	1	16405
235	151	238	7692	2000	27	25	FULL	2	7672
266	198	143	5070	2600	20	28	FULL	2	32418
334	222	115	4683	1101	10	15	FULL	1	31651
389	271	109	5773	2000	14	20	FULL	2	22993
221	157	130	3172	2000	20	18	ALL_EDGES	4	178
245	239	146	6026	2000	0	0	FULL	2	20757
328	243	119	2793	622	0	0	FULL	2	14559
249	231	78	2376	850	16	20	ALL_EDGES	2	20156
267	184	234	9740	2000	0	0	FULL	1	26185
360	303	106	4381	250	0	0	FULL	2	29121
261	140	123	2866	1191	0	0	FULL	1	25235
253	126	173	4152	2000	0	0	FULL	3	28110
344	239	140	6842	882	16	13	FULL	1	7644
343	227	148	1552	703	0	0	FULL	4	32080
324	217	121	1326	454	0	0	FULL	1	14124
311	225	107	1372	479	0	0	FULL	2	1806
302	227	175	8412	2000	23	26	FULL	6	670
232	185	268	4692	904	25	25	FULL	1	26317
303	141	198	6298	855	24	35	FULL	16	12525
312	254	133	2037	683	0	0	FULL	1	8853
285	194	118	1228	492	0	0	FULL	6	1887
268	215	148	5814	2000	0	0	FULL	1	11463
349	244	123	5838	997	0	0	FULL	3	16196
328	208	109	4072	868	0	0	FULL	2	7506
276	189	125	715	393	19	20	FULL	3	1160
268	178	115	3349	2000	36	39	FULL	3	11537
313	196	139	5270	2000	0	0	FULL	2	19870
224	155	246	7981	2000	0	0	FULL	2	22502
327	233	125	5491	1775	5	4	FULL	2	17689
406	196	95	3457	1010	0	0	FULL	3	25886
363	187	111	960	501	0	0	FULL	1	23672
302	228	124	5074	1209	41	42	FULL	1	22251
354	249	108	4949	1069	15	12	ALL_EDGES	1	8782
360	241	132	6532	1120	0	0	FULL	2	16007
221	173	223	7675	2000	25	30	FULL	7	15406
376	262	117	6037	2000	0	0	FULL	2	17082
248	181	189	6757	2000	0	0	FULL	1	19622
218	161	273	1206	626	0	0	FULL	3	28951
220	197	127	3850	2000	0	0	ALL_EDGES	2	1188
272	244	128	5406	1179	6	10	FULL	2	7168
250	177	170	5655	2000	0	0	ALL_EDGES	2	11300
273	190	221	1242	250	27	31	FULL	3	20896
325	162	220	8648	2000	31	36	FULL	3	11142
284	228	178	2219	250	0	0	FULL	3	13970
314	244	111	4743	877	8	11	FULL	2	7776
318	181	199	701	425	0	0	FULL	1	22984
254	166	201	6876	2000	32	34	FULL	1	31446
202	102	220	585	250	0	0	FULL	2	29556
332	211	107	4012	854	16	27	ALL_EDGES	2	24406
522	321	69	2461	531	0	0	FULL	2	28708
289	182	181	6897	2000	0	0	FULL	1	3128
321	177	150	5397	2000	0	0	FULL	6	23569
329	224	88	1527	432	30	33	FULL	2	25034
240	162	217	7301	2000	26	26	FULL	1	29346
213	117	221	5027	2000	0	0	FULL	2	4179
252	156	89	1953	868	0	0	FULL	1	18838
236	201	137	1131	657	22	25	FULL	3	8928
291	192	81	1003	800	0	0	FULL	3	30812
334	222	88	3165	798	0	0	FULL	2	26195
251	168	202	6919	2000	3	0	ALL_EDGES	3	14369
337	244	140	6900	1165	37	40	FULL	1	14989
303	189	149	612	350	0	0	FULL	1	22705
207	104	301	6948	2000	21	23	FULL	5	28254
318	261	139	7072	1181	0	0	FULL	2	31811
414	256	109	5600	1051	0	0	FULL	1	22116
241	145	129	3037	2000	0	0	ALL_EDGES	1	11716
310	177	118	3750	1176	0	0	FULL	2	29765
325	220	162	7498	2000	26	26	FULL	2	25468
328	190	136	5100	885	17	17	FULL	1	19104
331	201	68	643	250	0	0	FULL	3	31223
196	175	131	3361	2474	0	0	ALL_EDGES	2	19950
270	213	148	943	622	0	0	FULL	2	6824
332	255	135	6842	900	3	5	FULL	3	31921
233	202	158	682	401	33	34	FULL	7	9476
193	144	271	7875	2000	23	24	FULL	5	2098
318	207	130	5066	1161	0	0	ALL_EDGES	3	12106
258	141	124	990	528	0	0	FULL	3	23704
237	143	250	7837	2000	0	0	FULL	1	30695
301	237	119	1606	250	0	0	FULL	3	26581
416	310	74	3857	250	0	0	FULL	2	6884
318	261	115	5348	1160	31	35	FULL	2	3478
229	123	160	3429	1241	34	38	FULL	1	171
272	160	196	6570	2000	0	0	ALL_EDGES	1	9129
336	271	127	2104	824	0	0	FULL	2	7426
338	266	50	1683	609	0	0	FULL	4	13814
329	268	119	5922	1115	0	0	FULL	7	8014
224	125	161	832	658	0	0	FULL	2	3222
297	250	142	1543	250	0	0	FULL	2	12080
240	166	213	7242	2000	22	26	ALL_EDGES	1	11925
291	155	166	1252	250	0	0	FULL	2	10414
274	204	134	4860	2000	0	0	ALL_EDGES	1	25518
250	225	206	9453	2000	0	0	FULL	1	22573
256	207	141	1305	250	0	0	FULL	1	15157
255	238	91	3074	1110	8	16	FULL	2	6136
273	128	329	11270	1293	23	28	FULL	1	26086
333	210	135	2099	987	0	0	FULL	2	5199
256	204	144	5182	1207	0	0	FULL	9	11882
266	231	57	1550	989	0	0	FULL	1	16358
323	196	183	7958	2000	0	0	FULL	1	12377
258	225	198	9165	2000	0	0	FULL	1	10319
245	183	123	264	315	0	0	FULL	2	5474
339	231	147	1046	361	33	32	ALL_EDGES	2	7772
275	191	143	5002	2000	19	19	FULL	2	26867
410	226	103	4522	1028	0	0	FULL	1	26774
250	259	186	9420	2000	0	0	FULL	2	22713
305	211	132	4114	1188	0	0	FULL	5	6171
228	187	177	6000	2000	0	0	FULL	3	5417
227	151	132	3159	2000	29	29	FULL	1	137
295	190	151	5627	2000	0	0	FULL	2	11127
178	146	288	1327	806	22	22	FULL	1	4690
336	311	110	6198	1099	0	0	FULL	2	26392
303	234	119	4981	868	7	7	FULL	2	22938
254	185	180	6528	2000	0	0	FULL	2	1480
317	262	90	3787	810	0	0	FULL	1	4212
196	174	219	7102	2000	23	26	ALL_EDGES	3	31261
320	225	104	2340	1024	14	15	FULL	5	25504
378	229	122	4525	250	0	0	FULL	5	16196
296	231	168	724	328	30	32	FULL	1	32385
260	161	156	773	393	40	42	ALL_EDGES	3	30679
216	136	154	373	362	32	30	FULL	1	29510
335	151	168	5567	2000	0	0	FULL	1	27576
394	295	82	3306	250	0	0	FULL	2	5810
274	193	142	4987	2000	0	0	FULL	2	9623
331	252	138	6911	1190	0	0	ALL_EDGES	2	14898
297	208	88	2838	833	0	0	FULL	1	21624
330	253	143	7356	1203	14	16	FULL	3	8269
221	159	128	3154	1224	0	0	FULL	1	4936
193	129	139	2709	2000	22	22	FULL	1	882
190	92	259	4666	2000	0	0	FULL	1	4988
272	168	143	4342	2000	0	0	FULL	2	6536
225	162	150	1017	482	9	9	FULL	2	11772
405	274	104	4450	528	15	19	FULL	1	8768
279	262	117	1232	717	0	0	FULL	5	23790
312	292	126	1782	453	0	0	FULL	1	32721
321	224	133	5690	866	10	7	FULL	1	14125
298	227	111	4275	1161	0	0	FULL	1	11957
309	239	115	1360	757	7	7	ALL_EDGES	2	3469
248	174	105	2727	1159	7	4	FULL	3	17388
316	233	157	7498	2000	19	21	FULL	1	18977
260	215	98	2552	1127	0	0	FULL	2	17810
279	162	211	655	250	0	0	FULL	6	7364
275	200	155	1334	577	0	0	FULL	2	18397
201	145	155	1273	978	27	31	FULL	1	6558
378	263	115	5991	1410	0	0	FULL	1	12389
324	211	140	1406	443	5	3	FULL	1	4791
213	173	284	3265	250	23	24	FULL	2	28460
277	168	258	1308	452	0	0	FULL	2	4766
262	200	142	817	250	0	0	FULL	2	1719
258	194	228	9775	2000	0	0	FULL	2	15702
327	319	91	4740	1044	0	0	FULL	1	30208
212	187	163	5180	2000	0	0	ALL_EDGES	2	26870
352	188	114	1650	250	0	0	FULL	2	23987
236	170	112	2871	2000	45	51	FULL	2	15171
313	205	187	1500	492	43	44	FULL	3	28750
278	156	196	527	327	30	23	FULL	1	17332
263	180	180	280	477	0	0	FULL	1	29398
251	210	124	4225	1262	0	0	FULL	5	25951
383	168	132	4683	1102	0	0	FULL	1	10300
295	218	132	3697	1236	0	0	FULL	2	4471
297	211	120	1095	250	5	6	FULL	2	26180
284	190	121	916	711	4	2	FULL	1	10246
318	172	137	4582	1176	0	0	ALL_EDGES	1	10967
284	243	138	6127	2000	0	0	FULL	2	19410
252	205	145	555	335	19	22	FULL	4	29511
322	231	142	6478	2000	17	21	FULL	4	18940
298	205	139	4097	1224	0	0	FULL	1	2168
237	151	209	592	385	29	32	FULL	2	15886
350	195	154	6478	876	18	24	FULL	2	9013
330	229	125	3021	1292	14	10	ALL_EDGES	2	5737
284	183	163	1785	766	0	0	FULL	2	32218
205	149	277	1181	250	0	0	FULL	2	5869
312	263	103	1683	504	10	11	FULL	3	5247
347	225	148	6992	1161	0	0	FULL	2	15335
256	210	121	929	540	16	19	FULL	2	17128
240	203	235	10246	2000	27	29	FULL	2	15237
321	210	172	7762	2000	0	0	FULL	2	2743
276	222	139	5567	2000	0	0	FULL	2	20204
290	123	154	3701	2000	0	0	FULL	1	24768
335	170	96	1188	963	0	0	ALL_EDGES	3	641
296	188	207	8774	2000	29	25	ALL_EDGES	2	8710
365	175	86	2546	807	0	0	FULL	1	23642
268	222	192	632	327	29	29	FULL	2	6642
317	229	89	3263	1091	0	0	FULL	7	7237
301	181	138	4710	2000	9	14	FULL	4	18667
263	170	167	5475	2000	0	0	FULL	3	17011
308	195	191	8314	2000	0	0	FULL	1	4672
277	273	112	5049	1146	0	0	FULL	2	18357
237	180	223	8312	2000	29	34	ALL_EDGES	2	21684
281	183	165	5984	2000	0	0	ALL_EDGES	2	29332
340	268	126	2633	1014	0	0	FULL	5	3972
288	226	176	8245	2000	0	0	FULL	1	31423
200	189	145	1204	536	21	27	FULL	2	24780
427	300	90	5048	985	0	0	FULL	1	19791
282	214	190	8625	1223	0	0	FULL	8	18195
300	227	168	7923	1170	23	27	FULL	1	32163
328	232	150	7233	2000	13	17	FULL	2	15862
325	185	191	8107	2045	0	0	FULL	1	25088
280	249	122	5219	911	0	0	FULL	3	18873
395	276	87	4275	1673	9	11	ALL_EDGES	4	30188
203	142	120	2478	2000	9	12	FULL	1	2676
346	264	104	4921	1120	0	0	FULL	2	12536
253	172	149	793	252	0	0	FULL	4	28828
209	141	152	742	601	0	0	FULL	4	15972
299	227	125	1810	762	0	0	FULL	3	27190
334	197	129	4938	1180	15	16	FULL	1	26789
269	154	204	1088	404	47	46	FULL	3	642
330	204	126	4913	1176	0	0	FULL	2	19906
308	222	153	6846	2000	0	0	FULL	2	135
300	188	150	2762	250	0	0	FULL	1	30457
428	292	92	5094	1009	17	18	FULL	1	16902
324	195	166	2058	501	0	0	ALL_EDGES	2	32373
286	205	144	3638	328	0	0	FULL	1	16211
389	279	88	4066	458	0	0	FULL	2	22122
255	213	175	1045	250	0	0	FULL	4	27719
313	260	142	2668	801	0	0	FULL	3	16778
339	219	88	3139	829	0	0	ALL_EDGES	2	11954
387	231	118	5460	1068	15	15	FULL	1	28071
396	256	113	1081	376	0	0	FULL	3	17576
343	310	80	3170	1225	15	19	FULL	2	364
272	223	199	9336	2000	22	28	FULL	2	7647
305	156	116	929	810	0	0	FULL	3	4237
356	280	85	3961	825	0	0	FULL	2	18604
292	190	99	1375	589	12	16	ALL_EDGES	2	29049
253	219	154	663	1076	0	0	ALL_EDGES	1	26902
344	299	141	8656	989	0	0	FULL	1	6570
407	274	139	8525	1100	15	19	FULL	1	25535
310	204	215	1026	345	31	29	FULL	7	12609
325	266	214	4736	596	0	0	FULL	3	9781
386	316	127	8385	2000	0	0	FULL	2	27803
417	281	149	2380	250	0	0	FULL	1	10216
303	220	218	11223	2000	0	0	FULL	1	6068
337	285	203	3295	288	26	28	FULL	2	26475
396	256	144	2871	250	10	12	ALL_EDGES	2	23474
305	281	158	1539	250	38	35	FULL	1	17872
293	219	290	16557	2000	28	29	FULL	3	10533
311	159	252	10212	2600	0	0	FULL	4	31376
302	190	268	930	299	30	31	FULL	1	4935
303	190	218	9675	2000	0	0	FULL	8	10480
423	271	109	3837	250	0	0	FULL	3	11383
569	437	62	5053	434	5	9	FULL	2	417
312	277	145	7912	1154	0	0	FULL	2	25727
380	206	249	14430	2202	0	0	FULL	1	24847
370	284	147	9129	1165	14	19	FULL	2	27338
431	253	142	1689	583	37	39	ALL_EDGES	9	14647
479	337	121	2086	433	36	35	FULL	2	28702
344	243	196	11467	1221	0	0	FULL	2	53
261	144	413	17220	2000	20	21	FULL	2	4060
378	192	213	1705	455	37	37	ALL_EDGES	1	10840
489	289	110	7021	808	16	19	FULL	1	5545
216	181	320	13462	2000	22	24	CORNERS	1	23695
392	219	215	12617	2000	0	0	FULL	1	25738
322	260	209	2660	737	6	14	FULL	1	29648
369	255	166	2433	446	6	13	FULL	2	17131
290	186	250	11340	2000	8	11	FULL	8	8655
347	241	150	1137	250	16	21	ALL_EDGES	1	7098
349	285	176	11497	667	0	0	ALL_EDGES	2	30191
292	257	206	2635	628	8	10	FULL	2	12751
366	224	189	2340	447	6	9	FULL	2	29385
319	232	183	1404	250	0	0	ALL_EDGES	1	28064
351	223	237	2331	777	0	0	FULL	3	8376
270	184	313	2666	866	0	0	FULL	1	30321
395	260	121	4337	706	15	16	FULL	2	25361
369	169	233	2813	604	24	23	FULL	1	31241
335	210	233	5874	250	22	22	FULL	1	29976
317	182	304	15435	2000	25	22	FULL	1	3947
355	232	201	2706	250	22	18	FULL	1	8253
381	204	187	9396	2000	0	0	FULL	2	14735
337	187	244	12028	2600	27	31	FULL	1	20684
274	221	256	13500	2000	0	0	FULL	2	8708
325	208	288	6883	622	0	0	FULL	1	16364
401	330	95	1225	569	17	15	FULL	2	6446
438	273	163	11115	1349	33	37	FULL	2	20511
378	302	119	2592	250	9	8	FULL	1	31290
296	162	324	2263	818	26	26	FULL	3	11083
354	267	207	13689	2000	0	0	FULL	2	14828
412	196	155	7175	887	0	0	FULL	1	31813
366	198	173	1800	434	0	0	FULL	3	9791
299	261	160	8425	2000	0	0	FULL	2	28230
400	316	155	11329	1180	13	9	FULL	3	14647
359	216	212	11649	2000	23	24	FULL	3	6959
250	175	286	2025	603	0	0	FULL	1	16815
297	242	257	15577	2600	0	0	FULL	2	14534
336	280	165	10044	2000	0	0	ALL_EDGES	1	4858
297	225	187	9087	2000	0	0	FULL	3	22925
339	222	265	16060	1285	0	0	FULL	3	6204
329	245	167	2632	411	0	0	FULL	1	31239
380	226	179	2867	850	0	0	FULL	4	8195
329	218	229	12573	2000	20	19	FULL	3	27446
405	230	210	1696	524	0	0	FULL	1	6434
290	196	237	11056	2000	0	0	FULL	2	27350
324	308	146	9048	2000	0	0	FULL	2	23121
432	309	116	2030	668	0	0	FULL	2	26266
355	207	198	9961	2000	0	0	FULL	2	17203
409	323	95	1037	250	0	0	FULL	2	25364
366	243	141	7250	1132	15	18	FULL	2	14761
370	340	156	2086	390	0	0	FULL	4	28086
319	184	230	10435	2000	30	32	FULL	1	22554
349	234	215	1295	469	0	0	FULL	1	14540
322	165	330	2817	752	7	8	ALL_EDGES	1	24732
310	211	283	15947	2000	0	0	FULL	1	21816
319	263	197	11896	2000	0	0	FULL	2	19784
394	206	239	5694	1231	0	0	FULL	2	6152
326	206	245	1782	250	36	33	ALL_EDGES	2	18835
386	232	183	4851	622	13	11	FULL	6	2097
470	310	133	9828	1060	14	20	FULL	2	9542
241	172	449	22144	1425	20	22	FULL	1	19966
286	189	288	1844	489	40	38	FULL	2	5535
506	296	124	8713	796	0	0	FULL	1	19689
415	317	133	3290	250	0	0	FULL	3	4343
391	335	118	8044	827	10	12	ALL_EDGES	2	8081
305	278	194	12061	2000	29	32	ALL_EDGES	2	15033
369	232	181	10059	2000	0	0	FULL	1	7709
428	223	152	8105	1144	0	0	FULL	2	18002
401	296	139	2211	510	0	0	FULL	2	8689
409	218	175	9424	1221	0	0	FULL	2	12622
307	222	212	11005	2000	21	17	FULL	1	20195
374	209	237	13505	2600	25	28	FULL	2	32607
347	278	202	1053	420	0	0	FULL	2	26372
297	165	257	10512	2000	0	0	FULL	1	3136
336	158	332	8242	1502	25	24	ALL_EDGES	1	9651
375	255	183	4112	541	18	15	FULL	3	13461
400	288	160	10933	1179	0	0	FULL	1	5509
407	263	126	7087	1084	0	0	FULL	2	24263
348	235	214	12582	2343	30	27	FULL	1	4926
308	266	153	8137	2000	0	0	FULL	1	6099
304	242	171	8625	1207	20	21	FULL	2	19630
354	144	304	1069	335	0	0	FULL	1	2186
336	243	190	1798	406	0	0	FULL	1	21164
347	262	204	3256	820	0	0	FULL	1	10839
344	176	222	1755	420	1	0	FULL	1	24273
285	180	263	1417	250	0	0	FULL	4	4064
277	245	228	6014	1271	0	0	FULL	3	1938
423	347	126	4865	250	0	0	ALL_EDGES	7	6346
417	272	146	9157	867	0	0	FULL	1	10600
352	266	198	1702	365	21	21	ALL_EDGES	2	23988
301	216	192	9137	2000	20	22	FULL	2	8467
363	245	152	8140	2000	0	0	FULL	2	12844
406	268	180	12070	1147	0	0	FULL	1	19629
420	308	120	3968	1063	0	0	FULL	2	12904
465	157	266	2632	704	0	0	FULL	2	7253
251	266	187	1087	373	0	0	FULL	2	3579
412	251	179	11340	1098	11	15	FULL	2	14746
351	188	234	4262	592	0	0	FULL	2	29882
251	228	219	10550	2000	26	23	FULL	5	20395
411	248	152	8819	1167	10	15	FULL	1	32320
380	240	191	11480	1202	0	0	FULL	2	1345
310	211	298	17218	2000	28	28	FULL	1	32094
303	185	224	3450	606	13	19	FULL	4	21573
322	206	189	8800	2000	0	0	FULL	2	2033
356	160	273	1410	361	0	0	ALL_EDGES	1	18776
377	218	153	7425	863	26	30	FULL	2	21540
423	206	144	4987	1528	0	0	FULL	1	27335
381	222	183	9951	2000	4	4	FULL	5	5008
330	212	193	9490	2000	0	0	FULL	1	348
331	198	251	13068	2466	0	0	FULL	2	22666
434	294	153	2554	250	0	0	FULL	2	23236
373	285	117	1537	479	42	43	FULL	1	17623
356	168	209	8787	2000	0	0	FULL	2	30579
510	225	135	7564	816	14	15	FULL	1	27148
354	198	177	8187	859	19	20	ALL_EDGES	1	6988
375	324	145	10150	1191	0	0	FULL	1	27934
324	254	189	10896	2000	0	0	FULL	2	2106
318	194	234	11324	2000	0	0	FULL	5	2666
448	330	112	5824	706	18	20	ALL_EDGES	1	10338
473	217	122	3487	615	13	14	FULL	2	3209
253	233	230	11637	2159	0	0	FULL	2	21795
249	253	264	15229	1975	20	21	FULL	2	12482
462	292	137	6086	250	0	0	ALL_EDGES	2	19620
416	341	95	6169	460	0	0	FULL	4	27473
310	233	214	3146	526	0	0	FULL	2	20252
410	254	129	7155	1100	0	0	FULL	2	24776
327	257	208	12792	2000	33	29	FULL	2	10193
258	133	422	16356	2000	0	0	FULL	2	10153
389	241	154	3828	602	0	0	ALL_EDGES	1	16610
400	293	124	7612	1128	15	18	ALL_EDGES	1	14507
397	306	127	3131	744	0	0	ALL_EDGES	2	29889
363	223	205	1584	383	34	32	FULL	4	582
305	259	197	11392	2000	0	0	FULL	1	21072
388	253	137	7533	1143	0	0	FULL	1	16512
366	319	107	6387	1058	0	0	FULL	4	26197
266	188	251	3775	639	0	0	FULL	1	1489
416	285	140	3151	688	9	8	FULL	1	4217
347	197	197	9369	2000	0	0	FULL	7	22420
338	245	175	9628	2000	0	0	FULL	1	6454
459	254	116	4414	1080	0	0	FULL	1	1336
365	306	121	769	250	0	0	FULL	1	15410
418	294	134	4521	609	0	0	FULL	2	18142
371	282	148	9145	1190	0	0	FULL	2	25625
375	214	182	9338	2358	15	14	FULL	4	370
251	207	258	12298	2000	27	31	FULL	1	14810
326	278	160	2479	795	0	0	FULL	1	3823
346	191	189	8512	2000	0	0	FULL	1	134
399	305	103	2812	795	11	13	FULL	2	3639
295	224	250	13761	1286	0	0	FULL	1	23482
457	319	121	8522	1063	17	18	FULL	2	22757
428	252	125	6912	1091	13	17	ALL_EDGES	1	7104
452	267	162	10939	1112	12	9	ALL_EDGES	1	9444
339	206	208	10425	1245	24	28	FULL	1	28674
341	301	150	9563	2600	0	0	FULL	3	4823
417	288	163	11368	1183	13	14	ALL_EDGES	1	10621
323	290	165	1782	473	0	0	FULL	3	26047
320	261	162	3820	387	15	17	FULL	2	18439
456	243	113	5925	1047	0	0	FULL	1	18851
319	242	175	1107	372	19	21	FULL	1	26613
385	254	169	10164	1193	18	15	FULL	1	23325
239	237	344	20728	2000	21	18	FULL	1	8068
436	208	171	3348	538	11	14	FULL	3	25127
490	171	209	4270	1046	12	17	FULL	4	8762
298	175	354	18019	2000	25	25	ALL_EDGES	1	12324
438	263	152	9660	1114	17	14	FULL	2	10489
414	317	126	8596	845	0	0	ALL_EDGES	1	13845
460	252	134	7905	855	11	13	FULL	2	8362
432	334	115	4009	1074	12	8	FULL	1	9464
279	201	223	10137	1238	9	3	FULL	2	26861
366	314	135	8819	867	11	15	FULL	1	14367
324	312	153	1612	381	35	39	FULL	2	2003
544	260	117	6451	250	0	0	FULL	3	3804
369	241	197	11777	2000	0	0	FULL	2	14573
254	177	344	16011	2000	0	0	ALL_EDGES	1	19153
410	368	96	6699	1012	0	0	FULL	6	14781
342	238	179	1058	348	19	18	FULL	9	239
369	197	241	12950	2000	0	0	FULL	2	7429
302	259	238	3459	250	26	28	FULL	2	23127
384	285	141	3394	526	0	0	FULL	1	2302
398	272	125	918	335	30	30	FULL	3	17996
448	346	129	5540	962	0	0	FULL	2	8845
414	215	196	11165	2000	0	0	FULL	2	22105
471	367	107	5994	250	0	0	FULL	3	5047
399	196	159	2575	515	0	0	FULL	1	26799
250	206	379	2242	250	0	0	FULL	2	23696
449	222	155	8556	848	0	0	ALL_EDGES	1	27313
429	398	114	9555	1076	0	0	FULL	1	25747
349	278	160	3069	494	0	0	FULL	2	10261
372	211	211	11434	2000	0	0	FULL	1	30446
344	227	198	3673	824	12	11	FULL	2	9320
334	262	144	7625	1211	0	0	FULL	1	29159
289	208	310	684	250	0	0	FULL	1	17648
368	246	215	721	291	0	0	FULL	1	30994
344	207	274	15775	2000	8	9	FULL	1	13943
380	228	167	8946	904	0	0	FULL	3	18082
