341	338	100	5876	1112	12	15	FULL	4	7876
338	247	138	6854	1208	17	23	FULL	4	26465
316	193	189	793	250	0	0	ALL_EDGES	2	22211
276	214	144	527	433	0	0	FULL	1	15690
268	127	221	495	343	30	37	FULL	2	1982
289	168	93	2398	862	0	0	FULL	6	19337
277	200	135	1065	707	0	0	ALL_EDGES	1	12083
263	218	131	4897	2000	0	0	FULL	1	14480
265	176	183	6451	2000	27	31	FULL	1	26617
282	215	190	8636	1211	0	0	FULL	2	10155
333	165	191	2509	822	12	11	ALL_EDGES	1	10538
293	237	94	1618	250	0	0	ALL_EDGES	9	28289
270	208	152	5873	2000	4	9	FULL	1	15553
320	188	192	8188	2000	0	0	FULL	3	24135
274	203	171	6887	2000	0	0	FULL	1	3942
215	186	112	571	250	0	0	FULL	6	8047
279	214	158	1558	786	0	0	FULL	6	9686
225	141	141	3267	2000	29	30	ALL_EDGES	6	3016
382	268	112	5876	1112	17	11	ALL_EDGES	1	28030
297	185	173	1263	518	0	0	FULL	1	17311
207	156	139	801	478	8	12	FULL	1	8939
282	252	148	1354	668	0	0	FULL	4	26862
223	167	121	3060	1226	0	0	FULL	1	7364
277	228	166	871	642	0	0	FULL	3	18978
262	173	99	2587	1162	0	0	FULL	1	7346
307	205	134	5227	1217	6	13	FULL	2	13632
306	242	128	5728	869	0	0	FULL	1	28303
440	326	73	2488	842	18	17	ALL_EDGES	1	31785
315	171	139	4627	2000	0	0	FULL	5	15809
302	228	167	7877	2000	0	0	FULL	1	12622
388	227	131	4853	250	16	16	FULL	1	21481
292	239	122	2524	360	0	0	FULL	1	9238
262	150	140	3712	2000	19	23	FULL	3	348
339	243	104	4437	1125	0	0	FULL	2	21179
245	154	227	7378	1288	0	0	FULL	1	28546
319	103	168	792	539	19	19	FULL	3	22849
279	169	139	903	681	18	19	FULL	1	31457
377	254	120	6118	1136	0	0	FULL	2	30725
304	190	182	7465	2000	32	32	FULL	2	6215
302	131	291	10177	2000	21	24	FULL	2	6142
361	264	110	5481	1091	0	0	FULL	2	28273
411	238	117	3818	1094	0	0	FULL	5	5768
241	193	161	5602	2000	21	27	FULL	3	14650
260	227	144	5839	2000	20	23	FULL	1	17889
242	194	118	3558	562	0	0	FULL	2	4109
493	267	87	4669	250	0	0	FULL	2	2212
330	260	135	1897	250	0	0	FULL	5	19646
221	150	258	8202	2000	23	24	FULL	2	32739
351	242	111	5044	1135	0	0	FULL	2	9054
318	247	146	2944	250	12	15	FULL	2	20759
252	185	183	6596	2000	25	29	FULL	2	9415
313	243	151	7406	2000	0	0	FULL	3	11209
204	154	144	3447	2000	0	0	FULL	2	14177
261	219	166	1178	647	0	0	FULL	3	24624
284	229	176	8314	2000	0	0	FULL	1	17376
367	314	65	2280	648	0	0	FULL	1	8204
217	131	157	3487	2000	20	24	FULL	4	9791
256	226	129	4920	2000	33	34	ALL_EDGES	5	12653
310	210	183	5064	262	27	28	FULL	3	19148
281	181	148	5032	2000	20	22	FULL	2	23405
239	172	134	3789	2000	0	0	FULL	2	17824
301	214	132	1207	431	4	6	FULL	5	29851
236	154	179	5148	2000	0	0	FULL	5	21255
395	252	115	5865	1067	13	21	FULL	1	11507
280	193	176	1824	690	0	0	FULL	4	12023
298	156	183	323	302	21	24	FULL	1	14576
226	188	107	2866	2000	12	11	FULL	1	2465
268	165	170	1297	635	0	0	FULL	5	30073
286	167	177	841	572	0	0	ALL_EDGES	2	5632
227	148	254	1411	785	25	28	ALL_EDGES	2	30946
293	198	198	8636	958	35	40	FULL	1	15256
322	248	119	5405	2260	32	32	FULL	1	5189
326	235	85	3146	1027	0	0	FULL	3	24960
205	146	116	2422	2000	0	0	FULL	1	7274
205	159	198	5752	2000	24	22	FULL	1	8213
362	209	113	4471	857	40	46	FULL	1	16482
339	228	136	6205	1190	11	8	FULL	2	3906
352	207	117	4607	1581	15	15	FULL	2	3641
349	315	104	5934	1107	10	13	FULL	2	29405
223	156	273	1795	689	0	0	FULL	1	13417
262	178	225	8799	2000	0	0	ALL_EDGES	3	29404
348	207	159	7222	1694	0	0	ALL_EDGES	2	18828
257	153	215	7046	2000	31	38	FULL	1	20311
223	132	119	276	250	0	0	FULL	2	18573
271	256	108	4410	887	0	0	FULL	2	487
298	303	132	7440	1904	9	3	FULL	2	14716
324	251	142	7072	360	48	56	FULL	2	25879
342	274	128	2964	872	29	26	ALL_EDGES	2	26516
323	209	170	7705	1185	19	19	FULL	1	28830
297	184	174	6678	2060	20	26	FULL	1	5977
222	190	200	7293	2000	29	29	FULL	1	17802
349	190	128	1283	582	0	0	FULL	1	3848
334	303	104	2604	1038	0	0	FULL	2	99
369	280	102	5218	1085	0	0	ALL_EDGES	1	4149
358	174	88	2601	1025	17	15	FULL	2	14416
308	245	153	7498	2000	0	0	FULL	2	3122
266	149	113	643	724	5	0	FULL	2	21949
226	188	199	7208	2000	0	0	FULL	1	20131
261	169	215	7818	2000	0	0	FULL	1	11631
277	191	161	5958	2000	0	0	FULL	2	732
301	179	121	1989	409	17	22	FULL	1	18795
195	159	244	7470	1326	0	0	FULL	2	12918
367	167	188	552	403	18	16	FULL	1	1745
311	178	136	390	258	15	20	FULL	4	31580
250	204	226	9878	2000	0	0	FULL	1	21350
243	182	193	6868	1237	0	0	FULL	2	27252
335	217	117	4717	2000	0	0	FULL	1	29434
257	160	207	6927	2000	31	32	FULL	1	30788
289	187	194	556	321	29	35	FULL	1	21359
393	185	89	2951	2396	48	48	FULL	1	26651
294	190	152	5644	2000	0	0	FULL	1	21556
268	136	123	2830	2000	0	0	FULL	2	19489
376	237	118	5544	1120	10	18	FULL	1	22109
319	149	221	2457	807	0	0	FULL	3	21742
283	212	125	4627	2000	0	0	FULL	2	24592
309	232	132	5785	899	16	12	FULL	1	3973
265	148	216	586	462	31	33	FULL	2	25640
309	221	154	6856	1176	0	0	FULL	5	1290
338	245	138	1794	445	0	0	FULL	1	16672
360	181	115	3990	1092	11	15	FULL	2	10897
358	182	146	1406	452	5	8	FULL	7	11518
309	215	113	4252	1142	0	0	FULL	1	7200
284	238	170	8165	2000	20	16	FULL	2	7287
333	218	158	1357	631	0	0	FULL	1	20736
259	162	275	10626	2000	0	0	FULL	3	483
266	189	169	6205	2000	0	0	FULL	3	24486
294	221	131	5270	2000	0	0	FULL	2	2979
322	221	77	1688	1291	0	0	FULL	1	14414
335	309	72	3337	1011	34	34	FULL	2	12625
401	253	93	2802	984	14	21	FULL	3	26356
218	155	281	1349	250	0	0	ALL_EDGES	4	20057
279	182	149	5055	1211	0	0	FULL	1	25098
234	192	233	1984	702	0	0	FULL	6	551
253	102	405	11728	1356	21	16	ALL_EDGES	2	13741
156	139	208	4617	2000	0	0	FULL	2	13849
341	215	143	6331	1203	0	0	FULL	4	16290
323	255	139	1115	384	0	0	FULL	3	11515
372	255	90	3969	1029	0	0	FULL	2	6281
309	222	168	7820	2000	0	0	FULL	1	18926
267	195	144	5070	2000	48	57	FULL	2	1724
216	182	294	11914	2000	0	0	FULL	1	1013
351	214	153	3657	1074	0	0	FULL	2	31130
235	170	113	2893	2000	0	0	FULL	7	22718
310	241	154	7509	2000	0	0	FULL	2	27613
193	154	150	3609	1247	0	0	FULL	1	2588
246	210	204	1165	466	25	29	FULL	1	15378
233	172	237	8616	2000	22	25	FULL	5	9850
291	181	142	1065	439	4	5	FULL	4	27243
332	234	148	7141	2600	0	0	FULL	2	25202
191	160	116	770	250	26	27	FULL	2	24440
385	229	108	4769	1069	0	0	ALL_EDGES	1	5387
190	127	186	4005	2000	25	29	FULL	1	10424
317	172	193	1932	478	23	29	FULL	2	20126
376	185	173	7548	2000	16	19	ALL_EDGES	3	18972
391	214	113	4835	838	14	11	FULL	1	20193
306	194	143	5389	2000	11	12	ALL_EDGES	1	21518
290	218	134	5372	2000	0	0	FULL	2	11033
364	268	117	6141	2000	0	0	FULL	2	31318
336	205	109	4020	2000	0	0	FULL	1	13936
265	165	194	816	250	0	0	FULL	3	1990
349	250	74	858	686	0	0	ALL_EDGES	2	10346
331	164	176	6384	2000	23	24	LONG_EDGES	2	28715
388	187	103	3675	817	42	47	FULL	1	10349
319	201	117	4252	1164	0	0	FULL	1	8873
269	177	177	603	345	0	0	FULL	1	19011
391	249	97	4503	1016	10	14	FULL	1	628
295	205	140	5440	1181	18	24	FULL	1	4547
363	191	151	6321	1214	13	14	FULL	2	18285
299	147	263	9740	1305	0	0	FULL	3	15221
218	148	139	531	250	0	0	FULL	1	10603
280	218	171	7539	2000	0	0	FULL	1	9088
346	190	175	7555	1190	45	51	FULL	2	26211
274	202	154	5865	2000	22	20	FULL	1	13140
231	161	230	2856	691	0	0	FULL	1	5055
341	183	169	6835	1763	14	16	FULL	1	16844
245	177	196	6902	2600	0	0	FULL	2	26557
274	241	174	2472	250	22	23	FULL	2	13978
196	160	175	4702	2000	0	0	FULL	3	17924
253	205	164	1734	250	0	0	FULL	2	4403
313	190	159	6260	2000	0	0	FULL	1	26315
241	158	92	2019	1187	11	11	FULL	2	25838
308	216	68	2020	1027	0	0	FULL	1	28621
297	196	129	4605	1203	0	0	FULL	1	13676
303	264	81	3198	1036	0	0	FULL	2	32340
230	182	108	1129	561	0	0	FULL	3	16439
309	233	104	622	250	32	32	ALL_EDGES	2	22023
379	289	86	4332	1015	0	0	FULL	1	12730
278	257	133	6089	2000	17	16	FULL	1	8723
411	248	83	3289	456	0	0	FULL	1	2174
283	195	208	8970	2600	33	33	FULL	6	8836
316	224	163	7624	2000	0	0	FULL	1	5846
269	133	320	11201	2000	0	0	FULL	1	8388
288	160	184	6230	2600	31	35	FULL	2	8181
355	282	75	1770	325	17	16	FULL	1	9440
228	177	161	4985	2000	0	0	ALL_EDGES	4	26751
247	216	197	3076	1324	0	0	FULL	1	24007
234	186	195	7029	2000	0	0	FULL	1	15176
238	168	189	6067	2000	32	32	FULL	1	916
296	207	123	1732	553	0	0	FULL	3	21127
393	166	161	6258	1184	18	24	FULL	3	30211
283	273	110	1292	250	6	8	FULL	1	18215
258	178	208	7733	2000	32	41	FULL	1	8556
340	223	125	5396	1131	0	0	FULL	3	21717
248	147	233	3383	250	0	0	FULL	2	9518
292	183	216	9016	2000	12	15	FULL	1	16389
368	217	144	6716	1183	6	10	FULL	3	14689
273	180	153	5175	2000	25	27	FULL	1	23471
384	237	93	3051	253	0	0	FULL	1	25982
298	203	141	3051	1471	0	0	FULL	3	2621
312	247	156	7848	2000	0	0	FULL	3	8694
296	229	125	5142	915	5	6	FULL	1	9451
312	224	65	1966	796	0	0	FULL	5	15904
446	293	92	4512	1455	15	12	FULL	4	25193
309	165	168	5771	2000	8	2	ALL_EDGES	2	2258
300	150	167	5152	1229	0	0	FULL	1	2547
158	142	199	549	417	0	0	FULL	1	2446
293	138	111	2587	1127	0	0	FULL	1	10188
299	202	190	8395	2000	0	0	FULL	1	14210
318	257	103	4564	1097	0	0	ALL_EDGES	1	1167
193	114	251	1732	580	0	0	FULL	3	9742
274	192	220	9349	2000	0	0	FULL	1	23880
302	256	110	2779	1322	0	0	ALL_EDGES	1	22980
285	182	221	9200	1246	0	0	FULL	2	1480
428	231	116	3369	1020	13	15	FULL	3	12974
257	152	216	586	464	0	0	ALL_EDGES	1	4733
244	181	147	4628	1120	35	34	FULL	1	16471
288	152	195	6383	2000	32	30	FULL	1	9430
321	201	146	5956	2000	14	11	FULL	2	26921
373	248	114	5470	1123	12	7	FULL	3	20577
236	190	211	8113	2000	0	0	FULL	3	16618
346	239	103	4386	2344	0	0	FULL	4	711
237	187	193	6961	2000	0	0	FULL	3	24690
340	190	117	4125	1157	0	0	FULL	3	18643
243	171	205	7063	2000	0	0	FULL	1	20130
330	182	174	7035	2000	0	0	ALL_EDGES	2	21110
287	153	194	6383	2000	22	19	ALL_EDGES	2	5861
165	144	146	2978	2000	0	0	FULL	2	11099
239	187	101	2722	1206	0	0	FULL	1	25696
323	232	153	1736	560	0	0	FULL	1	19956
376	184	137	5367	1151	7	7	ALL_EDGES	4	16117
302	199	141	5380	2000	0	0	FULL	1	7837
250	173	104	2709	1155	0	0	FULL	1	18463
243	183	124	3635	2000	0	0	FULL	1	29784
214	144	147	1080	466	0	0	FULL	1	26404
342	211	132	5510	1167	5	2	FULL	1	26555
312	210	129	1224	434	0	0	FULL	2	19892
317	157	170	5737	2000	0	0	FULL	5	6211
322	152	112	1259	1024	11	14	CORNERS	2	26216
271	193	219	1035	395	0	0	FULL	4	11236
375	302	57	2463	490	17	21	ALL_EDGES	1	31196
244	131	236	2572	1149	0	0	FULL	1	17946
293	166	93	2389	1113	33	36	FULL	2	19680
216	165	126	3163	2000	0	0	FULL	1	21939
238	167	213	2422	1204	0	0	FULL	2	23547
308	238	130	5747	1170	0	0	FULL	1	26143
280	210	144	5627	2000	13	13	FULL	1	2839
254	187	138	4413	1635	0	0	FULL	4	30238
262	177	161	5400	2000	0	0	FULL	4	1312
287	221	182	1679	431	0	0	FULL	1	27988
293	218	180	8268	2000	23	27	FULL	2	16099
276	195	157	1028	250	41	43	FULL	3	20634
391	309	99	5748	1052	0	0	FULL	1	22440
362	218	120	1539	471	0	0	FULL	1	8410
314	221	79	1490	250	0	0	FULL	4	14956
278	200	81	994	534	11	13	FULL	3	30829
192	163	144	1197	250	0	0	ALL_EDGES	1	15461
348	247	110	5035	1079	14	19	FULL	2	27958
284	181	185	7020	2000	24	22	FULL	2	264
442	247	105	5347	1016	0	0	FULL	3	15358
353	252	51	1656	476	0	0	FULL	3	7735
222	144	328	11298	2000	0	0	FULL	2	26936
230	161	283	10384	2600	24	27	FULL	1	23052
341	216	129	5462	1174	9	10	ALL_EDGES	4	20537
280	196	137	4860	2000	0	0	FULL	3	22654
338	209	148	6468	903	15	17	ALL_EDGES	1	6236
243	159	195	967	379	23	27	FULL	1	10370
376	314	98	2817	1082	0	0	FULL	1	25883
379	221	138	2380	250	0	0	FULL	2	3888
274	211	198	1058	362	0	0	FULL	4	32502
274	199	175	6954	1577	28	30	FULL	1	23761
264	156	183	5700	2000	0	0	FULL	2	16528
265	181	157	5295	2000	0	0	FULL	1	26922
244	160	167	4907	2000	0	0	FULL	3	15793
279	247	80	2783	1095	0	0	FULL	3	24774
243	163	240	8493	2000	0	0	FULL	1	5504
238	97	366	2983	717	21	24	FULL	3	7547
334	196	145	5823	1190	0	0	FULL	1	3298
288	215	121	4530	1193	0	0	FULL	3	28594
247	197	134	4407	2000	0	0	FULL	2	25476
240	181	149	234	293	0	0	FULL	2	17535
229	150	131	508	610	0	0	FULL	2	30917
314	219	109	4140	1125	10	5	FULL	1	4528
291	161	182	714	522	32	31	FULL	1	32670
275	165	143	4322	2000	19	17	FULL	1	18389
306	186	203	2679	250	0	0	FULL	1	23354
312	203	181	1380	480	0	0	FULL	1	960
431	282	95	5152	985	0	0	FULL	1	17972
297	204	189	8418	2600	0	0	FULL	2	7093
260	181	158	247	295	28	25	ALL_EDGES	1	5298
298	213	71	652	250	5	7	FULL	2	27503
257	225	130	4935	2000	0	0	ALL_EDGES	2	13311
256	149	300	3818	250	0	0	FULL	2	12939
176	146	215	5423	2000	0	0	FULL	1	823
329	244	143	7049	892	0	0	FULL	1	22133
337	229	149	7107	2000	0	0	FULL	3	29270
319	179	149	5389	2600	0	0	FULL	2	23186
219	142	112	2313	2000	0	0	FULL	3	13052
326	258	89	3720	2000	0	0	FULL	2	12419
320	252	143	7141	2000	11	15	FULL	3	23184
242	176	224	8246	2000	0	0	FULL	3	27211
301	200	173	7329	2000	30	36	FULL	2	24895
418	273	101	5382	786	0	0	FULL	2	2223
257	151	115	666	443	0	0	FULL	2	911
224	161	236	7828	2000	25	23	ALL_EDGES	1	25067
306	191	180	7413	2000	0	0	ALL_EDGES	1	9863
304	171	220	8912	2000	0	0	FULL	1	27039
286	194	153	5729	2000	0	0	FULL	3	25395
300	219	115	4335	1176	13	9	FULL	2	12436
387	246	121	6060	1119	0	0	FULL	1	21281
257	224	131	4942	2000	0	0	FULL	2	24878
312	172	222	9240	2000	0	0	ALL_EDGES	4	3384
320	216	182	8675	2000	47	56	FULL	5	26483
343	216	182	9072	2000	0	0	FULL	2	27263
321	220	220	1658	590	0	0	FULL	3	11028
429	297	114	2798	694	9	15	FULL	4	788
358	221	171	8653	2000	0	0	ALL_EDGES	3	7969
312	243	165	8387	2000	21	25	FULL	1	15833
291	237	182	9062	2000	0	0	FULL	2	14927
417	207	191	1699	380	26	29	FULL	4	15825
301	145	286	10975	2000	28	20	FULL	1	6524
285	249	218	2433	583	6	3	FULL	2	3645
462	326	117	1470	365	18	28	FULL	2	6651
313	264	187	10989	1228	24	25	FULL	2	32630
364	344	156	11875	908	0	0	FULL	1	14744
342	256	177	10292	1218	0	0	FULL	2	19884
435	283	142	9397	864	0	0	FULL	3	14050
365	257	166	1999	510	0	0	FULL	3	12910
424	228	150	2436	469	0	0	FULL	3	13630
379	268	153	2635	250	0	0	FULL	8	7391
369	247	170	9780	1176	0	0	FULL	3	32166
496	230	109	4200	1106	14	13	FULL	2	16105
529	305	115	8251	803	16	10	FULL	5	7511
341	244	211	12617	2600	0	0	FULL	1	11097
288	216	202	1212	250	34	28	FULL	1	2753
369	260	182	11375	2600	0	0	FULL	2	25749
395	245	170	10081	1212	0	0	FULL	3	500
323	235	191	10251	2000	0	0	FULL	1	26621
330	231	203	11144	2000	0	0	FULL	1	28425
456	354	96	2294	877	0	0	FULL	1	31557
363	284	189	2242	250	19	20	FULL	1	20338
314	213	186	8837	2324	0	0	FULL	4	13258
520	398	89	7400	419	35	40	FULL	3	11739
387	155	335	860	312	0	0	ALL_EDGES	5	14043
216	165	436	19251	2000	20	20	ALL_EDGES	5	28593
415	334	134	9897	1095	0	0	FULL	4	7475
377	360	114	8044	836	13	14	FULL	4	12643
353	199	277	15697	2000	0	0	FULL	1	30882
377	338	121	8277	1128	27	28	FULL	1	14742
407	227	168	9269	1199	0	0	FULL	1	14577
354	253	206	12987	2000	24	34	FULL	2	18177
249	205	305	1379	365	19	23	FULL	3	31920
345	240	236	14722	2000	33	37	FULL	2	27156
283	220	281	15697	1313	28	35	FULL	7	19580
349	188	190	8500	2000	24	23	ALL_EDGES	7	7143
398	367	93	1660	250	42	43	FULL	1	4812
296	202	208	1275	418	35	31	ALL_EDGES	3	21103
326	201	190	8775	2000	0	0	FULL	2	5318
337	270	193	12162	2000	0	0	FULL	2	6141
302	219	264	1120	332	30	37	ALL_EDGES	3	20403
399	282	177	12380	2000	0	0	FULL	2	23744
262	198	387	21520	2000	0	0	FULL	2	25010
382	229	167	8903	884	16	20	FULL	1	21525
304	256	250	16029	1256	27	30	FULL	3	10007
379	233	187	2013	476	0	0	FULL	1	3379
417	232	181	10727	1190	0	0	FULL	3	26464
394	268	184	4777	857	19	18	FULL	2	25688
345	251	168	4132	986	0	0	FULL	1	28670
368	212	174	8599	2000	4	1	ALL_EDGES	2	4913
294	237	221	1782	464	0	0	FULL	2	26666
322	213	225	806	250	0	0	ALL_EDGES	1	30821
392	372	107	3549	794	11	13	FULL	2	22730
387	204	221	3150	842	21	31	FULL	5	31100
317	204	210	10044	2000	0	0	FULL	1	18301
476	334	91	6104	250	0	0	FULL	1	20293
320	241	215	1303	356	0	0	FULL	1	17569
411	225	190	11025	2000	0	0	FULL	5	26754
344	236	240	14878	2000	27	33	FULL	3	23985
300	231	195	999	335	0	0	FULL	1	25636
445	267	131	1984	250	17	17	FULL	1	15979
293	165	340	15889	2000	0	0	ALL_EDGES	1	2574
344	255	165	9309	1206	0	0	FULL	4	5227
358	316	173	3315	250	8	4	FULL	2	5420
386	279	162	1592	279	14	14	FULL	1	11523
303	236	203	1044	337	31	27	ALL_EDGES	1	3128
339	220	209	11160	2000	0	0	FULL	2	18769
313	235	210	1550	388	0	0	FULL	3	18403
396	223	175	9579	2000	0	0	FULL	6	32163
251	212	253	12177	2000	0	0	FULL	3	22278
287	187	233	10225	2000	23	23	FULL	1	8171
410	232	184	10885	2000	11	8	FULL	2	16447
556	214	130	7145	2000	13	15	ALL_EDGES	8	7199
341	185	246	11997	2000	0	0	ALL_EDGES	1	27866
362	276	175	11287	2000	0	0	FULL	1	9329
287	192	227	975	250	31	36	FULL	2	14371
381	258	157	9269	1175	0	0	FULL	5	1502
530	258	143	4602	1038	12	18	FULL	3	22659
425	313	117	3503	557	0	0	FULL	1	1489
344	188	288	15336	2000	0	0	ALL_EDGES	3	11070
451	336	122	1110	312	0	0	FULL	3	3019
420	337	89	1462	471	0	0	FULL	1	21017
384	289	158	10482	1163	15	19	FULL	1	26918
305	202	235	11571	2000	0	0	FULL	2	26121
318	219	223	1550	376	20	17	FULL	5	4091
312	151	330	14306	2000	0	0	FULL	2	5078
287	196	275	3735	1036	0	0	FULL	3	10102
406	275	174	11875	872	0	0	ALL_EDGES	2	13491
329	217	216	11485	2000	30	36	FULL	4	31201
418	202	195	10461	2000	0	0	FULL	1	3418
296	178	371	1599	499	32	32	FULL	2	65
311	186	338	18213	2000	33	35	FULL	1	9815
371	201	221	11698	2000	29	30	ALL_EDGES	2	19495
402	187	219	11236	1166	24	20	FULL	3	30158
361	317	118	1714	415	46	42	FULL	1	17545
303	202	220	5035	794	0	0	ALL_EDGES	1	20871
290	218	260	14107	1270	0	0	FULL	4	14911
384	245	187	6090	700	0	0	FULL	1	21376
244	175	316	13675	2000	0	0	FULL	4	18073
305	238	227	12952	2000	33	33	FULL	3	28148
368	325	138	9454	878	0	0	ALL_EDGES	1	22123
448	233	167	10010	1158	0	0	FULL	4	14868
459	281	113	6844	805	0	0	FULL	2	31944
424	243	150	8649	1121	0	0	FULL	1	17785
359	227	191	10416	2000	0	0	FULL	1	26002
400	260	140	2798	902	0	0	FULL	3	18581
293	200	214	9737	2000	31	27	FULL	1	27957
315	226	232	1666	250	35	35	FULL	1	22275
461	354	119	9418	1026	16	18	FULL	1	22324
340	175	261	12353	1244	0	0	FULL	1	30621
383	241	135	6962	1164	29	31	FULL	1	22621
297	252	168	8650	1196	0	0	FULL	1	2040
326	219	230	12639	2000	22	19	FULL	5	21781
452	327	126	9231	848	12	17	FULL	2	20940
424	278	170	11800	1178	0	0	ALL_EDGES	1	32480
343	201	196	1674	416	43	39	FULL	1	30392
286	222	197	9462	1214	0	0	FULL	1	10898
429	236	183	11248	1197	9	7	FULL	1	27116
252	190	261	11425	2000	26	30	ALL_EDGES	4	30794
305	168	304	3813	250	0	0	FULL	1	14629
357	211	179	3321	1083	0	0	FULL	6	13923
333	202	216	2943	250	0	0	FULL	1	28841
371	207	201	10524	2000	0	0	FULL	1	508
297	230	285	1872	543	0	0	FULL	1	15624
392	287	137	2325	645	33	38	FULL	1	7815
458	273	156	5967	1250	0	0	FULL	2	7272
394	276	180	3529	817	19	25	FULL	1	26898
329	189	217	3402	250	23	27	ALL_EDGES	1	26985
391	296	143	4224	250	12	16	FULL	3	8501
303	248	247	15133	2000	0	0	FULL	1	9465
249	227	239	11907	2000	0	0	FULL	5	15981
283	208	230	3226	250	0	0	FULL	1	2815
452	241	179	11446	860	16	19	FULL	1	17920
386	270	178	5217	1161	0	0	FULL	1	12523
317	171	324	15907	2000	0	0	FULL	1	22912
403	287	152	3325	250	9	8	FULL	1	4259
377	263	147	8453	901	10	7	FULL	3	21878
297	267	196	1209	348	0	0	FULL	1	22998
400	250	155	9021	1170	9	11	FULL	3	28743
377	286	125	7317	1136	0	0	FULL	2	5005
413	266	177	11895	1175	30	33	FULL	2	10527
273	250	197	10449	2000	0	0	FULL	1	902
384	294	111	6350	1086	0	0	ALL_EDGES	1	1689
341	248	208	12530	2000	42	43	FULL	1	18541
318	219	223	1658	386	0	0	FULL	2	30286
392	202	183	2073	250	16	20	CORNERS	1	5599
310	197	238	2073	250	26	28	FULL	3	13690
396	274	142	4975	1061	14	15	FULL	2	18774
308	238	211	11718	2000	0	0	FULL	1	18363
350	266	167	4665	1004	0	0	FULL	3	15786
452	284	128	8316	826	0	0	ALL_EDGES	2	11288
346	200	282	15970	2000	0	0	FULL	2	14945
381	186	177	2137	250	15	17	FULL	2	27222
281	234	190	4600	1474	0	0	FULL	2	1979
359	359	151	2769	250	0	0	FULL	1	27134
404	245	157	1131	485	31	31	FULL	3	30780
407	218	186	10345	1163	26	26	FULL	3	28663
387	271	186	12538	2000	15	18	FULL	2	4686
315	299	207	14449	1256	0	0	ALL_EDGES	4	18024
469	260	103	1725	708	0	0	FULL	1	7582
330	217	230	12573	1457	0	0	FULL	1	7080
368	234	145	1975	608	0	0	FULL	2	11028
340	232	171	8856	1190	0	0	FULL	3	32671
361	207	249	14023	2000	0	0	FULL	4	27626
296	232	285	4465	800	0	0	FULL	1	6075
351	183	241	11733	1214	0	0	ALL_EDGES	2	29591
371	344	145	10822	893	11	13	FULL	1	6643
351	276	201	6844	250	0	0	FULL	2	28978
364	249	161	1972	544	0	0	FULL	1	9
405	333	130	5845	687	14	14	FULL	1	6026
295	222	221	11426	2000	26	24	FULL	1	7461
336	258	178	10416	2000	0	0	FULL	7	5697
355	332	115	7236	1118	14	21	FULL	2	10013
399	212	196	2772	626	7	11	FULL	2	7703
383	206	196	10245	2000	0	0	FULL	1	19533
398	277	141	8649	868	0	0	ALL_EDGES	3	27555
345	240	199	1287	482	0	0	FULL	1	16809
395	273	143	8757	1173	0	0	FULL	2	12685
341	285	139	3510	590	0	0	FULL	1	30289
311	247	240	5087	663	26	23	FULL	1	27308
354	264	187	11725	1161	0	0	FULL	2	14468
391	278	143	2526	776	7	11	FULL	1	16222
404	267	135	7873	1148	0	0	FULL	3	20238
396	228	172	9486	1166	10	9	FULL	1	16501
281	236	218	11614	2107	0	0	FULL	1	14289
534	413	75	6006	250	0	0	FULL	1	544
292	189	298	14982	2000	22	21	FULL	1	27579
336	194	282	6845	743	0	0	FULL	1	28466
297	232	180	8937	2600	25	29	FULL	1	16712
356	177	276	14017	2000	0	0	FULL	1	26533
189	165	464	19705	2000	0	0	FULL	1	16780
333	221	183	9220	2000	0	0	FULL	6	3528
486	205	176	9852	1138	0	0	FULL	3	22391
332	278	168	6665	958	0	0	FULL	1	11347
351	209	212	11051	2000	0	0	FULL	1	869
348	266	136	7287	1147	9	11	FULL	2	5309
338	267	171	4185	250	0	0	FULL	3	17331
274	151	300	1125	689	0	0	FULL	1	31095
384	247	196	1665	367	33	33	FULL	1	25485
431	243	148	2464	453	0	0	ALL_EDGES	2	16199
310	250	187	10353	2000	0	0	FULL	1	25371
498	292	134	9574	2462	12	12	FULL	1	25626
312	274	182	1829	704	24	27	FULL	4	13516
356	317	120	4738	1196	18	17	FULL	3	26017
377	245	145	7843	1144	0	0	FULL	1	19264
367	233	182	3689	490	18	22	FULL	2	27987
335	277	177	11071	2000	0	0	FULL	3	1304
453	287	96	4412	1380	0	0	FULL	1	29735
376	318	113	6993	835	11	14	FULL	3	17934
322	225	214	4138	1086	0	0	FULL	1	12030
385	238	158	8656	1197	0	0	FULL	2	3034
337	215	276	4480	802	23	29	FULL	2	23943
426	358	121	4144	538	0	0	ALL_EDGES	2	2737
329	277	170	10292	1170	7	5	FULL	1	21571
300	182	248	11124	2000	29	30	FULL	1	10783
325	225	254	14874	2015	0	0	FULL	4	4307
316	226	176	2537	516	0	0	FULL	1	10422
407	282	134	8385	1101	0	0	FULL	2	29399
230	194	279	12300	1334	0	0	FULL	2	9897
325	235	178	1620	621	41	40	FULL	1	15674
336	287	171	7012	1353	19	16	FULL	2	23063
393	300	156	10896	1200	35	34	FULL	2	22352
454	309	124	8680	2000	0	0	FULL	1	28106
347	229	158	1500	250	0	0	FULL	1	31324
360	240	204	12110	2000	0	0	FULL	1	26480
551	384	95	8000	355	0	0	FULL	1	27966
276	249	239	13909	1290	29	33	FULL	3	27761
324	255	164	1269	368	34	40	FULL	2	27879
354	314	130	3784	904	13	15	FULL	4	27043
368	232	170	9149	2000	30	29	FULL	2	29423
338	251	230	4602	250	23	21	FULL	2	23359
324	225	172	1175	373	0	0	FULL	8	15449
330	172	273	12787	2000	26	25	FULL	1	18181
451	308	126	8767	1057	0	0	FULL	1	21212
404	306	109	1674	250	0	0	FULL	1	12426
358	230	200	11352	1206	37	42	FULL	3	23530
322	322	179	1720	557	0	0	FULL	1	26710
335	261	142	7587	1208	0	0	ALL_EDGES	1	9212
413	272	129	4799	250	14	14	ALL_EDGES	5	19826
401	335	115	5037	669	0	0	FULL	1	30708
396	328	120	1999	406	0	0	FULL	2	19483
290	260	192	10802	2000	33	36	FULL	1	20630
282	190	233	10287	2000	0	0	ALL_EDGES	1	21940
334	265	209	13431	2000	0	0	FULL	2	27126
422	262	140	8401	876	0	0	FULL	2	2977
279	208	216	3412	306	25	23	FULL	3	25171
400	302	128	3022	864	0	0	FULL	3	4282
375	280	147	2340	759	6	9	FULL	4	3478
292	165	363	4007	818	0	0	ALL_EDGES	1	15909
404	304	159	3120	759	0	0	FULL	1	12018
339	279	143	8167	896	9	4	ALL_EDGES	1	19763
523	308	115	8288	985	14	15	FULL	4	17020
329	185	322	17355	2000	26	21	FULL	2	11612
292	238	194	10057	2000	0	0	FULL	2	3564
399	265	156	1947	391	17	21	FULL	1	24844
331	210	281	6435	669	0	0	FULL	4	32638
335	215	201	10324	2000	24	23	FULL	1	25542
360	225	241	14566	1584	0	0	FULL	1	13800
420	297	149	10323	1166	0	0	FULL	2	14952
326	210	227	1116	350	0	0	FULL	1	22030
498	283	103	6322	1021	0	0	ALL_EDGES	2	12935
336	268	206	2257	653	0	0	FULL	1	25825
378	272	190	12792	2000	12	13	FULL	3	19606
349	223	173	5710	1692	16	17	FULL	2	7985
320	225	230	12738	2000	0	0	FULL	6	15766
461	323	98	4988	1140	15	16	FULL	5	3407
357	265	164	9749	2000	3	2	FULL	1	13671
364	248	172	2201	691	0	0	FULL	1	10962
274	169	378	18252	2000	0	0	ALL_EDGES	1	28207
350	275	161	9765	2000	0	0	FULL	3	25218
399	230	213	2125	250	0	0	FULL	1	31496
420	341	136	10432	1095	10	11	ALL_EDGES	2	14657
425	361	127	3939	250	0	0	FULL	1	17961
374	322	161	11914	1201	8	9	FULL	2	12951
432	285	142	9450	1089	0	0	FULL	1	26693
412	370	128	10257	1118	0	0	ALL_EDGES	1	18495
424	291	117	3523	1062	0	0	FULL	1	9600
375	276	159	10015	889	0	0	FULL	2	30317
323	211	272	6308	696	0	0	ALL_EDGES	1	26307
388	236	180	10428	2000	0	0	FULL	1	5572
333	252	184	2681	647	20	20	FULL	3	6083
452	293	125	1534	531	0	0	FULL	1	18831
264	188	374	6919	733	21	20	FULL	1	4527
377	168	230	10382	2000	25	29	FULL	1	25219
366	377	141	5343	915	13	11	FULL	1	700
341	158	306	14107	2000	23	25	FULL	2	24378
351	253	153	8275	1227	0	0	FULL	1	8199
295	184	230	10025	2000	24	22	FULL	1	553
352	222	212	11748	2000	0	0	ALL_EDGES	1	29035
600	325	100	7702	522	0	0	FULL	1	14522
387	285	113	6400	2000	11	12	FULL	2	6202
322	212	198	9706	1196	0	0	FULL	1	143
312	237	183	405	337	0	0	FULL	2	3059
247	205	367	19961	2000	2	3	FULL	1	24027
354	238	148	7537	1180	0	0	FULL	4	25325
299	271	167	1836	250	0	0	FULL	1	23217
320	282	205	13579	2000	29	28	FULL	1	14013
479	314	130	9633	1049	13	16	FULL	1	30573
326	267	225	14781	2000	30	33	ALL_EDGES	1	14141
410	282	125	3161	969	0	0	FULL	1	1658
378	221	174	9135	2000	30	33	FULL	1	27180
316	218	225	1627	581	36	37	FULL	2	25478
352	181	243	11749	2000	0	0	ALL_EDGES	1	32059
311	218	295	2060	381	24	22	ALL_EDGES	3	9401
406	311	99	5887	812	13	14	FULL	3	18457
396	283	148	2689	775	0	0	FULL	5	9009
390	225	176	9672	2000	0	0	FULL	1	7776
287	188	360	5226	1135	0	0	FULL	1	18853
385	250	172	2574	604	6	10	FULL	1	1892
402	253	133	7303	1102	0	0	FULL	2	25653
270	206	225	487	250	0	0	FULL	1	26826
325	232	206	11315	2000	0	0	FULL	2	7773
306	227	223	12043	2000	0	0	ALL_EDGES	1	30756
257	155	314	1975	250	0	0	FULL	2	24181
321	193	250	899	325	30	35	ALL_EDGES	1	6087
363	194	233	12111	2000	0	0	FULL	1	14759
418	174	199	1406	546	0	0	FULL	3	28398
306	205	246	12601	2000	32	30	FULL	2	7792
483	133	273	3010	461	0	0	FULL	1	12871
266	225	208	10037	1260	0	0	FULL	5	3248
372	192	204	2175	446	0	0	FULL	3	23463
361	216	211	11599	2000	19	20	FULL	1	7991
452	256	169	3510	675	0	0	FULL	3	19119
276	222	252	13361	2000	0	0	FULL	2	20040
426	370	111	8470	1059	13	16	FULL	3	27349
367	243	197	11830	2000	0	0	FULL	3	28792
428	262	130	7540	862	0	0	FULL	3	28987
322	205	221	10962	1807	0	0	FULL	2	11568
386	286	113	1775	540	0	0	FULL	2	3377
303	233	205	10904	2000	24	21	FULL	2	1051
388	221	204	2345	250	0	0	FULL	2	31119
324	225	239	13685	2000	20	20	FULL	4	8446
426	276	149	9695	1139	12	11	FULL	1	18936
350	218	216	11896	2000	41	38	FULL	1	2936
366	226	200	11236	2000	0	0	ALL_EDGES	1	31841
285	168	301	913	250	0	0	FULL	3	24696
398	295	150	2957	821	8	13	FULL	6	4058
516	416	77	3514	513	0	0	FULL	2	25187
348	232	168	6304	900	0	0	FULL	2	26833
335	202	244	8002	1393	20	26	FULL	1	7605
398	243	181	2712	250	0	0	ALL_EDGES	4	26041
347	311	154	10197	2000	0	0	FULL	1	30724
415	179	249	3293	417	0	0	FULL	1	28960
323	238	188	10179	2000	4	7	FULL	3	22058
274	230	262	5478	379	0	0	FULL	1	18189
279	205	236	1903	557	0	0	FULL	2	21137
344	277	163	868	250	0	0	FULL	2	14521
517	275	137	9516	840	0	0	ALL_EDGES	1	1295
430	303	119	7719	1831	0	0	FULL	5	14359
419	249	187	12109	2000	0	0	FULL	2	30469
443	367	113	1332	337	0	0	ALL_EDGES	2	20711
426	307	134	9257	1133	13	17	FULL	1	4156
428	274	132	8122	947	0	0	FULL	1	21434
345	271	177	6484	424	19	24	FULL	2	4928
371	255	164	2170	526	0	0	FULL	1	6280
318	214	213	10846	2000	28	27	ALL_EDGES	6	30602
376	233	142	7200	1162	0	0	FULL	1	16431
417	379	98	7161	1001	0	0	FULL	5	7484
349	273	204	13708	2000	0	0	ALL_EDGES	4	26382
370	291	115	6587	1097	9	11	ALL_EDGES	1	4206
270	177	282	12393	2000	14	15	FULL	3	8421
316	240	178	1323	547	0	0	FULL	5	24301
316	309	138	2416	250	8	5	FULL	7	21357
298	219	207	10260	2000	23	26	FULL	3	17532
356	235	150	1850	250	0	0	FULL	2	5504
357	243	202	12110	2000	0	0	FULL	3	23996
287	161	271	10937	2000	0	0	FULL	3	2241
330	310	161	3102	702	17	17	FULL	1	10102
412	281	117	2997	781	11	10	FULL	1	21739
323	249	249	1760	389	33	35	FULL	2	16086
404	249	183	2146	393	0	0	ALL_EDGES	2	20202
280	246	182	9225	2000	22	27	FULL	1	29066
436	298	104	6277	824	0	0	FULL	3	8772
280	202	274	13810	2000	0	0	FULL	9	28194
438	282	101	5737	780	0	0	FULL	1	17919
384	257	147	1870	250	0	0	FULL	1	21274
490	227	166	10119	1109	0	0	FULL	1	12153
465	429	98	8580	791	0	0	FULL	1	21044
406	351	88	1800	725	5	5	FULL	1	10767
317	270	217	13967	2000	0	0	FULL	2	24588
314	228	188	9585	2000	0	0	ALL_EDGES	2	20272
275	145	388	1193	352	0	0	ALL_EDGES	2	20889
310	186	270	914	250	30	30	ALL_EDGES	4	27824
400	172	210	9700	1220	0	0	FULL	1	3334
384	318	127	5580	1165	15	11	FULL	2	31816
343	180	283	1890	395	0	0	FULL	4	14992
303	176	235	2475	250	0	0	FULL	3	32181
422	313	117	7734	1098	11	16	FULL	3	30747
448	249	166	1554	508	0	0	FULL	2	12671
335	308	131	2619	508	0	0	FULL	2	24719
343	250	204	12390	2000	0	0	FULL	1	9164
327	180	229	10300	2000	0	0	FULL	2	15467
495	322	78	4825	963	0	0	FULL	3	2447
366	236	168	9120	2000	0	0	FULL	1	10569
431	221	183	2555	741	0	0	FULL	2	16368
345	197	199	9436	2000	0	0	ALL_EDGES	1	7247
341	280	162	9920	2000	14	15	FULL	2	14220
365	256	165	9687	2000	0	0	FULL	1	26553
293	235	210	11208	2000	0	0	FULL	1	11610
398	216	192	10626	2000	0	0	FULL	2	28166
327	260	217	13801	2000	0	0	FULL	3	30089
372	264	178	2450	428	0	0	FULL	3	32110
350	217	164	7937	2000	0	0	FULL	4	5726
332	273	160	2233	590	0	0	FULL	5	31906
365	270	167	3448	529	0	0	FULL	1	21614
315	177	223	9600	2000	0	0	FULL	2	11798
348	269	197	12820	2000	20	25	FULL	1	31440
350	249	189	11170	2000	5	2	FULL	1	26931
319	241	176	9234	1203	20	22	FULL	2	599
293	209	252	13004	2000	0	0	FULL	3	14827
322	293	174	2392	736	21	21	FULL	5	21608
402	192	175	8275	1167	9	10	FULL	1	24354
321	253	191	10989	1240	0	0	FULL	2	30913
492	374	90	6798	426	0	0	FULL	2	12486
335	266	174	10307	2000	19	24	ALL_EDGES	3	12886
344	251	180	10354	2000	29	35	FULL	3	4822
265	241	304	18700	825	0	0	FULL	2	6133
295	192	237	10975	2000	27	30	FULL	4	23196
378	306	160	11229	1184	8	7	FULL	1	6401
397	240	210	13420	2457	22	24	FULL	2	2166
388	217	172	8961	2000	17	18	FULL	1	15807
407	240	129	6625	868	13	15	FULL	1	13220
424	256	125	2794	729	10	7	FULL	1	21665
367	212	252	1423	474	0	0	FULL	2	22537
289	246	217	728	386	29	24	FULL	1	6864
341	158	231	9400	2000	22	25	FULL	2	2339
363	282	181	12080	2000	0	0	FULL	3	21040
388	272	147	8943	1175	0	0	FULL	1	24700
238	234	225	1912	743	6	12	FULL	4	17813
459	358	94	5688	1470	15	18	FULL	1	12915
364	233	183	10183	2000	0	0	FULL	3	22721
433	297	136	4777	602	0	0	FULL	5	15579
461	288	124	4504	1119	0	0	LONG_EDGES	2	11437
370	305	111	2650	522	11	12	FULL	1	11443
372	252	165	1751	397	0	0	FULL	3	27085
387	185	203	1551	250	0	0	FULL	1	23711
377	327	110	6885	1067	10	9	FULL	2	9932
459	242	121	5035	622	15	22	FULL	2	21125
397	311	109	6696	1095	0	0	ALL_EDGES	7	30995
371	295	151	4339	595	13	18	FULL	2	5232
253	248	310	3003	590	24	25	FULL	4	7201
388	287	112	2662	513	11	10	FULL	2	27306
270	239	287	8288	1470	0	0	FULL	1	735
321	211	289	16711	2000	0	0	FULL	4	15796
353	242	147	7512	876	0	0	FULL	2	25399
511	456	79	7067	290	0	0	FULL	3	13054
382	266	123	6675	1139	0	0	FULL	2	21707
250	180	343	16135	2000	13	16	FULL	3	23545
290	275	169	9490	1237	38	39	FULL	1	11143
434	226	169	9619	1159	15	12	ALL_EDGES	3	19559
408	223	148	7627	1173	0	0	FULL	2	1792
264	222	281	2541	761	0	0	FULL	1	1293
341	177	274	13431	2000	0	0	ALL_EDGES	1	14852
384	281	116	3662	979	0	0	FULL	1	3175
371	308	153	5617	664	0	0	FULL	1	5395
465	369	108	2275	250	16	17	ALL_EDGES	3	31204
343	200	227	11532	2000	38	38	FULL	1	31673
282	186	257	11637	2000	0	0	ALL_EDGES	2	21930
295	229	245	1072	331	30	37	FULL	4	24914
451	298	130	8890	1108	39	37	FULL	2	31878
342	139	327	13655	2000	27	27	FULL	1	17114
271	167	277	11350	2000	26	29	FULL	1	16368
365	248	149	3550	1087	0	0	FULL	3	27258
248	153	381	15892	2000	0	0	FULL	1	26604
326	223	254	14837	2000	31	36	FULL	6	8867
388	232	172	3255	514	0	0	FULL	2	5248
413	298	142	2292	506	0	0	FULL	2	17158
309	244	207	2030	413	0	0	FULL	2	9283
310	251	173	9301	2000	20	23	FULL	2	5644
341	205	208	10396	1183	0	0	FULL	1	10299
257	206	254	4158	250	0	0	FULL	1	3839
395	210	199	10824	1166	0	0	FULL	1	28419
285	238	215	11455	2000	0	0	ALL_EDGES	1	14362
320	270	144	7800	2000	0	0	FULL	1	32077
397	328	96	5862	1021	0	0	FULL	1	28766
315	186	214	1600	498	0	0	FULL	1	25309
364	250	215	2515	510	0	0	FULL	2	28423
311	151	285	11677	2000	0	0	ALL_EDGES	1	15916
400	305	160	11505	1154	0	0	FULL	1	6231
379	224	194	4851	629	0	0	FULL	1	20579
335	285	183	2432	436	0	0	FULL	1	6677
439	319	90	5412	476	15	15	ALL_EDGES	2	14470
330	226	181	9220	1227	20	18	FULL	2	12914
319	286	170	10431	2000	0	0	FULL	1	29524
361	265	204	3861	514	26	28	FULL	2	2417
417	239	186	4643	283	16	21	ALL_EDGES	8	3884
251	195	316	3890	884	0	0	ALL_EDGES	2	27968
409	226	135	2300	475	9	11	FULL	4	9850
377	298	156	6387	1490	0	0	FULL	3	16335
364	172	200	4125	274	0	0	FULL	1	10949
302	196	263	13082	1711	0	0	ALL_EDGES	1	16105
417	196	202	8959	892	16	15	FULL	5	17742
346	290	164	10543	1919	0	0	FULL	2	12963
322	250	156	1800	429	0	0	FULL	1	4551
356	169	208	8787	2000	0	0	FULL	1	28905
361	225	228	13468	1908	0	0	FULL	3	15285
345	294	162	2772	250	8	9	FULL	2	32414
403	327	151	3800	866	0	0	FULL	3	5454
347	133	272	1100	392	0	0	FULL	2	23719
316	232	171	8475	2000	0	0	ALL_EDGES	4	28548
337	197	204	9639	2000	0	0	FULL	3	3539
312	309	192	13301	1475	0	0	FULL	1	31577
397	253	144	8192	882	2	4	FULL	4	31913
295	213	198	9362	2000	0	0	FULL	2	11936
267	249	295	18349	1984	0	0	FULL	2	8539
411	236	170	9900	1177	0	0	FULL	2	27106
384	303	133	5394	514	0	0	ALL_EDGES	1	24274
281	204	217	9975	2000	0	0	FULL	6	22084
420	277	168	1111	250	0	0	FULL	3	28430
319	267	195	11830	2000	0	0	FULL	1	21133
346	262	205	13079	1287	0	0	FULL	1	28564
358	185	250	12589	667	0	0	FULL	4	1432
418	235	138	2875	523	11	9	FULL	3	24307
393	259	143	8192	1151	0	0	FULL	2	26185
338	222	206	11113	2000	0	0	FULL	3	12531
256	177	344	15965	2000	40	40	ALL_EDGES	2	32712
265	236	201	1162	402	33	35	ALL_EDGES	1	16663
380	219	234	14040	1209	0	0	FULL	1	17281
417	312	154	11380	1121	0	0	FULL	4	13164
312	226	206	10773	2000	0	0	FULL	3	2168
356	208	224	11979	2000	0	0	FULL	3	22388
466	352	101	5346	250	0	0	FULL	2	15931
436	273	163	11173	1171	8	7	FULL	1	3131
357	276	188	5217	601	19	16	FULL	2	15359
234	195	298	13567	2000	0	0	FULL	2	20696
311	252	248	15814	2000	20	18	FULL	1	25136
393	209	202	2458	749	0	0	FULL	3	10553
497	313	119	5124	1142	13	20	FULL	3	29100
429	236	183	2257	405	0	0	FULL	2	20347
367	236	144	7312	1138	0	0	FULL	2	1812
334	206	240	12738	2000	35	36	FULL	2	18185
317	224	205	10686	2000	26	25	FULL	3	29240
432	255	168	10767	874	0	0	FULL	2	17705
455	195	163	8149	1147	12	16	FULL	1	2314
441	252	121	6709	1074	13	11	FULL	1	167
339	330	139	2263	563	0	0	FULL	1	23355
314	134	296	10937	2000	24	29	FULL	2	21108
367	245	205	2294	639	0	0	FULL	5	14029
308	206	212	10219	1059	0	0	FULL	1	18410
420	261	159	3430	877	10	7	ALL_EDGES	2	1540
380	234	220	1813	799	24	26	FULL	1	31074
330	237	198	11020	2000	0	0	FULL	1	15410
446	223	196	12012	1170	13	12	FULL	4	10834
342	243	200	11583	2000	0	0	FULL	4	1349
442	218	182	10465	866	6	10	FULL	1	12316
232	161	334	2250	250	21	17	FULL	1	11783
395	290	135	2790	485	8	8	FULL	2	17737
265	203	307	15889	2000	0	0	FULL	4	7679
281	185	278	12977	2000	28	34	FULL	3	20792
325	241	198	3100	716	0	0	FULL	3	8258
365	191	252	13282	2000	22	21	ALL_EDGES	3	7960
364	243	141	7275	874	15	14	FULL	1	12536
300	244	251	1147	444	0	0	FULL	1	12919
321	199	243	1798	477	39	36	FULL	2	24420
484	273	117	7269	803	31	35	FULL	1	28433
404	267	162	2012	250	38	35	ALL_EDGES	1	22254
351	164	217	9025	2000	0	0	FULL	3	10057
415	217	206	12062	2000	0	0	ALL_EDGES	1	31757
387	304	132	8509	1121	9	10	FULL	1	24604
320	247	158	8125	1681	0	0	FULL	2	14939
415	227	196	11784	2000	0	0	FULL	2	31528
339	230	198	10881	2000	0	0	FULL	3	23888
347	218	219	12012	2000	20	20	FULL	1	12591
325	188	254	1038	340	0	0	FULL	1	29490
282	265	168	8850	2000	27	31	FULL	1	18493
449	196	227	2520	507	0	0	FULL	1	29431
326	197	257	13299	2000	0	0	ALL_EDGES	1	20905
382	231	175	2216	250	5	8	FULL	2	29849
395	238	144	7641	882	12	9	FULL	1	472
314	264	163	742	405	19	24	FULL	2	14530
329	206	273	1017	250	29	31	FULL	2	683
409	203	174	3059	250	0	0	FULL	6	27020
397	211	149	7162	1124	0	0	FULL	2	17090
377	287	171	3848	532	0	0	FULL	1	24827
326	291	164	1844	642	18	23	FULL	1	14418
320	259	235	15210	752	0	0	FULL	2	24986
279	220	301	17223	2000	22	28	FULL	2	5264
349	267	199	12857	2600	0	0	FULL	3	4760
459	296	114	7347	1047	0	0	FULL	1	24166
305	287	212	14060	1228	0	0	ALL_EDGES	2	23633
304	184	278	13376	942	0	0	FULL	4	8524
315	282	163	9642	2000	0	0	ALL_EDGES	2	6253
412	229	175	10032	1185	0	0	FULL	1	14429
313	218	212	3436	566	0	0	FULL	1	7977
394	274	125	7168	852	10	19	FULL	1	21206
299	173	300	13965	2000	20	21	FULL	1	25811
411	295	160	11368	857	0	0	FULL	4	8741
329	217	203	10440	2000	39	33	ALL_EDGES	2	26844
391	254	186	6475	1427	0	0	FULL	2	9705
239	170	382	1534	696	21	19	FULL	1	10584
270	192	337	17430	2000	9	9	FULL	2	18802
267	190	247	10850	2000	0	0	FULL	1	478
449	309	126	8767	1079	0	0	FULL	3	21265
433	288	124	7858	1096	26	28	FULL	1	30673
358	253	171	4200	1168	0	0	FULL	1	13565
400	285	136	8494	2000	0	0	ALL_EDGES	2	22601
329	264	167	1218	352	18	20	ALL_EDGES	1	22315
412	295	152	2775	566	0	0	FULL	1	11755
337	208	263	14855	1222	34	32	FULL	1	12327
405	266	143	8649	842	0	0	FULL	1	32383
459	282	143	758	250	0	0	FULL	1	30599
339	256	167	9425	2000	17	15	FULL	1	6504
288	210	325	3373	643	25	30	FULL	1	15011
528	322	115	760	250	0	0	FULL	1	3929
329	261	180	10571	2000	39	40	FULL	1	24012
332	294	179	11847	2000	20	22	FULL	1	17140
269	190	323	3234	894	0	0	FULL	1	18039
339	239	192	10726	512	19	18	FULL	8	23620
343	307	128	7722	851	14	12	FULL	1	27143
267	158	298	11825	1293	25	26	ALL_EDGES	2	32180
453	359	157	4386	797	0	0	FULL	1	24514
500	290	182	14999	428	0	0	FULL	2	25633
560	265	205	17293	1165	0	0	FULL	1	32021
322	236	374	27445	1313	25	24	FULL	2	2739
402	256	218	15300	2000	0	0	FULL	2	1779
420	285	188	13972	2000	0	0	FULL	1	8930
364	340	174	13781	2000	6	3	FULL	1	24519
312	246	384	29175	1310	0	0	FULL	3	10314
459	247	225	6502	250	12	16	FULL	2	22992
396	307	177	13373	2000	0	0	FULL	1	27241
510	372	161	16165	1100	0	0	ALL_EDGES	2	31509
314	171	402	21650	2000	0	0	FULL	1	19171
352	282	227	16560	2000	21	20	FULL	4	5533
459	350	152	13254	1147	9	13	FULL	2	20121
466	342	197	19089	1195	0	0	FULL	2	28800
517	323	188	17797	1151	14	20	FULL	4	11440
397	265	205	14254	2000	0	0	FULL	5	5810
369	245	337	26291	2000	0	0	ALL_EDGES	1	23963
