227	162	205	6435	1245	0	0	FULL	1	7018
251	185	184	2116	401	0	0	FULL	1	17663
476	344	70	1495	499	0	0	FULL	2	9084
255	146	175	4914	1239	26	23	FULL	3	21956
189	135	215	5247	1323	22	23	FULL	2	25018
263	199	124	4140	2000	10	8	FULL	1	6009
283	157	236	8683	2000	0	0	FULL	4	3638
380	229	121	5586	1080	0	0	FULL	1	23895
341	229	147	3174	250	0	0	FULL	1	5802
201	145	154	414	528	33	36	FULL	1	14528
271	176	137	2177	682	0	0	FULL	3	17217
221	133	154	3424	2000	0	0	ALL_EDGES	1	30928
325	215	108	4065	1125	9	3	FULL	3	14468
395	196	149	6601	1126	0	0	LONG_EDGES	2	4426
259	198	234	10296	2000	0	0	ALL_EDGES	3	28831
275	219	91	1969	1468	0	0	FULL	1	10382
362	179	177	7452	2000	18	15	FULL	2	28019
324	229	115	4743	860	0	0	FULL	3	25951
257	160	181	5745	2600	0	0	FULL	2	27578
423	336	81	4646	1292	15	16	FULL	4	4930
299	245	116	4947	1158	9	1	FULL	1	2700
322	242	148	1276	622	0	0	FULL	2	7920
294	171	190	807	380	0	0	FULL	3	20048
300	222	127	5159	1834	12	15	FULL	1	15349
346	290	95	4712	1051	0	0	FULL	3	15682
330	230	158	7692	2000	0	0	FULL	1	27641
321	225	132	1368	544	11	5	FULL	1	9366
325	160	145	1462	250	14	17	FULL	3	9160
353	215	125	5301	877	0	0	FULL	2	843
295	230	110	4290	491	0	0	FULL	3	2225
239	137	137	3136	1222	0	0	FULL	4	3932
364	182	144	1852	865	10	12	FULL	1	17260
232	102	189	3681	2000	26	32	FULL	3	19534
306	242	155	3726	1285	27	25	FULL	1	23313
312	265	115	5405	1120	0	0	FULL	1	14629
216	133	122	2425	2000	28	26	FULL	2	20264
233	152	128	3073	1984	0	0	ALL_EDGES	2	11271
210	154	231	2985	250	20	23	CORNERS	3	31835
328	198	130	5006	1188	17	17	FULL	3	4467
269	193	221	3496	1279	0	0	FULL	2	5609
255	176	100	2632	885	0	0	FULL	1	26145
265	207	154	5958	2000	29	29	ALL_EDGES	8	25869
331	165	174	6365	2000	27	30	FULL	3	14426
263	110	224	851	528	0	0	FULL	2	15038
171	168	191	5208	2000	0	0	FULL	2	22545
330	242	106	4547	1139	9	10	FULL	2	19609
341	225	150	3254	1199	0	0	FULL	2	17595
265	209	81	1197	250	13	14	FULL	2	19922
228	189	267	3473	1017	20	22	ALL_EDGES	1	5829
227	187	200	7216	2000	23	27	FULL	1	318
318	183	146	1419	472	0	0	FULL	1	24253
258	185	156	5355	2000	0	0	FULL	1	24954
341	220	153	5945	1176	16	14	ALL_EDGES	1	2072
298	224	158	1302	490	0	0	FULL	1	32370
299	236	121	5040	2000	10	10	FULL	9	14560
261	166	195	6689	2600	0	0	FULL	2	14543
367	278	103	5260	1090	0	0	ALL_EDGES	2	21427
217	133	156	864	704	23	26	FULL	3	12465
264	207	137	1890	852	0	0	FULL	2	24876
436	249	110	5736	1031	0	0	ALL_EDGES	1	4106
316	246	97	1800	857	0	0	FULL	1	19586
240	184	193	6910	2000	0	0	FULL	2	31450
270	193	220	1817	250	0	0	FULL	1	24098
273	177	176	977	634	0	0	FULL	1	13860
315	282	96	1946	817	0	0	ALL_EDGES	1	1759
218	148	170	4416	2000	0	0	FULL	2	1171
249	170	106	2736	1004	14	11	ALL_EDGES	4	19302
486	201	118	5393	803	0	0	FULL	1	12366
469	212	167	9223	843	0	0	FULL	1	7693
344	278	163	9889	1403	16	17	FULL	2	18488
340	195	189	8575	2000	0	0	FULL	1	30198
444	282	116	3668	871	0	0	FULL	4	12409
375	278	130	2416	474	8	3	FULL	1	5306
423	218	146	7452	873	0	0	FULL	1	22521
331	234	174	1147	374	19	25	FULL	8	11015
277	229	245	13175	2000	28	26	FULL	5	1809
270	186	269	1998	562	0	0	FULL	5	17914
337	221	262	15619	2497	0	0	FULL	2	32589
327	301	137	1593	412	0	0	FULL	2	16394
328	251	238	15132	2000	0	0	FULL	2	16160
342	339	107	2487	711	0	0	ALL_EDGES	2	17985
277	199	244	11461	1110	25	31	FULL	4	16662
310	209	193	9050	2000	0	0	FULL	1	20683
421	189	195	9796	2000	17	16	FULL	2	7482
335	208	181	8462	2000	0	0	FULL	2	20090
358	271	130	1150	403	0	0	FULL	4	24674
333	197	282	15410	2000	0	0	FULL	2	4652
406	256	140	7989	1102	17	20	FULL	1	8939
357	280	145	8613	1205	0	0	FULL	1	22956
349	279	169	2739	472	0	0	ALL_EDGES	4	16477
443	366	108	8242	1053	13	17	FULL	1	1055
334	297	176	11742	418	0	0	FULL	2	30184
361	222	194	10478	2000	20	28	ALL_EDGES	2	16364
420	278	124	7453	1115	0	0	FULL	1	26322
367	288	128	4468	250	0	0	FULL	10	30679
391	197	201	2774	250	30	27	FULL	2	27399
544	335	91	6501	1100	17	17	FULL	1	3923
374	225	196	11022	2000	0	0	CORNERS	1	25127
485	246	122	6902	1070	0	0	FULL	1	3799
336	180	324	17238	2000	0	0	FULL	1	2513
351	228	219	12670	2000	25	27	FULL	2	26931
340	247	149	7687	1217	0	0	FULL	1	20570
312	219	227	12059	1273	0	0	FULL	1	30842
403	271	133	7844	1135	12	14	FULL	1	24276
339	207	264	14837	2000	26	26	FULL	1	16258
339	223	165	6587	1236	16	16	FULL	2	13913
339	146	313	697	308	0	0	FULL	3	32215
357	204	172	8050	2000	0	0	ALL_EDGES	2	23813
318	155	395	19383	2000	0	0	FULL	1	27342
273	199	285	2356	589	0	0	FULL	2	23299
302	241	171	8662	2411	10	14	FULL	1	8586
298	191	255	12136	2000	0	0	FULL	1	10397
310	239	196	1580	447	0	0	FULL	1	12315
362	222	194	10462	1211	10	12	FULL	1	28052
303	271	176	10150	2000	27	26	FULL	3	17527
350	248	191	11236	1166	0	0	FULL	1	23669
444	207	213	7137	745	0	0	FULL	1	943
381	236	161	8772	1206	0	0	ALL_EDGES	2	24735
332	282	177	11121	2000	0	0	FULL	3	30422
316	231	172	4250	1407	20	22	FULL	2	18244
357	159	237	10057	1063	24	22	FULL	2	15457
295	242	202	10947	2000	36	36	FULL	10	25859
400	279	175	11973	1216	0	0	FULL	1	8962
302	203	252	12834	2600	0	0	FULL	3	18751
264	163	289	11725	2000	34	32	ALL_EDGES	1	8745
487	272	125	7936	1055	0	0	FULL	2	30303
343	239	213	12635	2000	0	0	ALL_EDGES	5	16023
323	264	205	12775	2000	20	23	FULL	3	1510
352	276	128	2275	250	0	0	FULL	1	5324
370	322	138	9454	869	0	0	FULL	1	21687
366	278	162	10213	2000	11	12	FULL	3	23438
496	322	103	7227	993	0	0	FULL	1	18198
373	200	222	11698	2000	0	0	FULL	5	9896
463	296	113	4169	608	0	0	FULL	3	13765
430	340	136	740	250	16	18	FULL	2	19880
381	238	171	9641	2000	0	0	ALL_EDGES	7	25095
382	306	133	8587	875	0	0	FULL	2	7681
423	292	117	7235	1044	13	12	FULL	1	3545
233	173	386	3611	538	0	0	FULL	1	1249
334	179	226	10138	2000	42	42	FULL	2	11756
281	193	230	1250	567	0	0	FULL	1	27845
315	207	237	12229	2000	32	35	ALL_EDGES	2	24822
291	162	329	1984	496	47	52	FULL	5	3173
375	307	169	3841	492	10	13	FULL	3	7468
368	245	172	4495	991	18	21	ALL_EDGES	5	948
389	249	150	3465	831	16	19	FULL	2	7079
311	242	205	11516	2600	0	0	FULL	2	24610
421	253	146	8556	1103	8	12	FULL	1	10877
341	297	163	10576	2000	4	4	FULL	3	23712
334	220	184	2065	250	0	0	FULL	3	7741
367	350	121	2960	688	0	0	FULL	1	22899
295	176	356	18148	2000	25	27	FULL	1	2141
334	244	166	8815	2000	12	13	ALL_EDGES	3	27026
373	207	201	10493	2000	0	0	FULL	2	9428
327	179	231	10354	1206	0	0	FULL	2	27469
375	234	176	9842	2000	0	0	FULL	1	4732
361	339	142	10272	2000	26	27	FULL	2	17060
299	250	167	1950	592	0	0	FULL	2	26156
356	206	252	14189	2000	31	31	FULL	2	27840
319	228	227	12705	2000	0	0	FULL	3	12896
495	269	147	10023	2000	0	0	FULL	1	4334
324	245	158	8075	2000	0	0	FULL	2	23630
289	227	207	10408	2000	0	0	FULL	3	5802
363	294	164	10920	2000	14	13	ALL_EDGES	4	16533
425	303	136	9327	1137	33	41	FULL	1	22827
356	298	165	5022	952	0	0	FULL	1	6296
364	341	162	12380	1194	3	6	ALL_EDGES	1	20624
287	194	279	13764	2000	0	0	FULL	2	3188
432	322	133	3607	494	10	11	FULL	4	28170
387	307	156	10952	1168	0	0	ALL_EDGES	2	8218
272	214	231	11272	431	0	0	FULL	1	6236
340	266	215	14215	2000	0	0	FULL	2	30225
298	192	290	6913	250	0	0	FULL	4	2522
287	220	277	1347	357	0	0	FULL	1	14653
400	287	109	2550	250	0	0	FULL	3	14232
384	295	163	11211	897	0	0	FULL	5	7084
301	217	222	11339	505	0	0	FULL	3	23660
308	239	170	8562	2000	0	0	FULL	1	18510
326	147	262	1312	433	0	0	ALL_EDGES	1	12934
350	253	152	8289	1179	4	11	FULL	1	21386
379	296	139	2495	469	0	0	FULL	1	30746
362	243	176	9021	920	0	0	ALL_EDGES	2	18139
321	183	213	9312	2000	0	0	FULL	1	22661
332	231	254	15502	1219	0	0	FULL	1	15261
488	341	117	9087	1017	0	0	FULL	1	2101
283	205	216	9925	2000	0	0	FULL	3	16540
314	175	262	12006	2000	29	30	FULL	2	2599
289	221	229	11701	2000	24	26	FULL	1	15748
343	211	269	15678	2600	0	0	ALL_EDGES	3	14460
287	229	237	12772	1269	29	31	FULL	1	16461
341	256	200	12320	2000	0	0	FULL	1	12318
365	215	210	3415	940	0	0	ALL_EDGES	3	30301
292	235	286	17355	2000	0	0	FULL	1	17239
269	198	328	2642	335	0	0	FULL	1	3091
332	229	217	12193	2262	30	34	FULL	2	6464
419	259	170	10989	872	0	0	FULL	2	547
341	244	174	4857	1374	18	17	FULL	3	11153
397	184	185	2821	733	0	0	FULL	2	20001
264	203	253	11907	1268	0	0	ALL_EDGES	1	5812
265	172	275	11437	2000	0	0	FULL	1	6181
358	215	240	1498	257	0	0	FULL	3	31586
507	305	119	4588	250	0	0	FULL	1	9003
290	154	303	12379	2000	0	0	FULL	2	7086
441	381	116	4836	586	0	0	ALL_EDGES	2	794
340	330	156	4795	614	13	14	FULL	2	21993
361	270	159	9579	1146	0	0	FULL	2	12727
337	213	272	15892	2000	0	0	FULL	1	23110
354	222	235	13764	2000	6	6	FULL	5	21357
434	240	168	2677	571	0	0	FULL	1	26840
349	275	152	942	250	30	27	FULL	4	26019
358	182	223	1174	250	0	0	ALL_EDGES	2	15819
364	250	202	12709	2000	0	0	ALL_EDGES	2	3128
274	215	212	3437	439	0	0	FULL	1	4151
382	303	151	5652	680	0	0	FULL	1	14918
335	223	235	4462	903	0	0	FULL	1	1589
399	232	156	8482	1184	0	0	FULL	4	4830
330	198	237	11966	2000	0	0	FULL	1	23312
403	277	166	2923	782	0	0	FULL	3	9535
227	157	461	2326	688	0	0	FULL	1	12561
385	246	196	2756	432	0	0	FULL	1	3867
388	231	140	7037	1125	0	0	FULL	2	6877
357	299	117	6737	1144	14	17	FULL	1	22813
301	186	277	13423	2000	40	38	FULL	1	21072
371	298	122	2443	250	9	9	FULL	2	7979
389	239	167	7936	1937	16	25	FULL	8	14716
450	379	115	9360	2000	0	0	FULL	2	28229
419	286	163	11368	1135	0	0	FULL	9	27017
307	238	197	10643	1204	25	26	FULL	1	26010
295	224	234	1302	351	0	0	ALL_EDGES	1	30493
312	172	290	3797	1039	26	30	FULL	1	3145
